#k, cR, cI
-4.5    -7.386593164283259e-09    4.6738255505874116e-09    7.640640385195989e-17
-4.490990990990991    2.25117380680146e-09    7.696425650631116e-09    6.430275130412158e-17
-4.481981981981982    1.0744679383132985e-08    1.9631009985248064e-09    1.193019005767321e-16
-4.472972972972973    1.1618185259328262e-08    -8.35200349538708e-09    2.0473819110703053e-16
-4.463963963963964    4.1079407548000724e-09    -1.5540449855642752e-08    2.5838075896069423e-16
-4.454954954954955    -6.19821117752259e-09    -1.4180544337296199e-08    2.3950565950318927e-16
-4.445945945945946    -1.1542645271907496e-08    -5.278142431625943e-09    1.610914474016187e-16
-4.436936936936937    -7.869980080821213e-09    4.437252492951516e-09    8.16257961587271e-17
-4.427927927927928    2.057965213709826e-09    7.573963637548705e-09    6.160014600374974e-17
-4.418918918918919    1.0699873226644001e-08    1.6923263455935811e-09    1.1735125552624321e-16
-4.40990990990991    1.1427242102496414e-08    -8.791617031131745e-09    2.0787439209115244e-16
-4.400900900900901    3.579625099311387e-09    -1.589770115828556e-08    2.6555061796977415e-16
-4.391891891891892    -6.967963655598772e-09    -1.4118068712189904e-08    2.478723816678609e-16
-4.382882882882883    -1.2202726782578821e-08    -4.635975036008452e-09    1.7039880546476003e-16
-4.373873873873874    -8.043619173589078e-09    5.499845715585281e-09    9.494811230497161e-17
-4.364864864864865    2.5154316144715136e-09    8.669268317697841e-09    8.148360937132233e-17
-4.3558558558558556    1.1608626948176155e-08    2.463645494629905e-09    1.4082976874513185e-16
-4.346846846846847    1.2427164754350439e-08    -8.434598418417018e-09    2.2557687431173265e-16
-4.337837837837838    4.403500548641584e-09    -1.57445415651122e-08    2.6728140617743246e-16
-4.328828828828829    -6.298931283924961e-09    -1.3850077045038082e-08    2.3150116947309934e-16
-4.31981981981982    -1.1410897965961247e-08    -4.098588211052013e-09    1.4700701771335307e-16
-4.3108108108108105    -6.831916932307817e-09    6.1552137966216875e-09    8.456174585207622e-17
-4.301801801801802    4.202009588077782e-09    9.087936848607698e-09    1.0024748074257924e-16
-4.292792792792793    1.3500407636784112e-08    2.363684718490677e-09    1.8784801180776514e-16
-4.283783783783784    1.4097568609564687e-08    -9.018565409934507e-09    2.800759627546508e-16
-4.274774774774775    5.5698043463226454e-09    -1.6435266107900523e-08    3.011406924938182e-16
-4.2657657657657655    -5.561870826701215e-09    -1.4143192702026531e-08    2.309643068995666e-16
-4.256756756756757    -1.0700686666997114e-08    -3.6610778719027993e-09    1.279081863293861e-16
-4.247747747747748    -5.665405823840011e-09    7.326675713923069e-09    8.577700016579043e-17
-4.238738738738739    6.118361283811235e-09    1.076720335814285e-08    1.533670129548429e-16
-4.22972972972973    1.6191377518458468e-08    4.375651213608462e-09    2.813070294883955e-16
-4.2207207207207205    1.7504296756578846e-08    -6.555750434093723e-09    3.4937826869649673e-16
-4.211711711711712    9.872902243341469e-09    -1.3100891122374042e-08    2.69107546906876e-16
-4.202702702702703    2.8675976165194965e-10    -9.45965247826216e-09    8.95672561703941e-17
-4.193693693693694    -2.215276493561123e-09    2.5748684027332245e-09    1.1537397234318411e-17
-4.184684684684685    6.742551370214021e-09    1.4860474221727996e-08    2.6629569307461727e-16
-4.175675675675675    2.366900152956462e-08    1.8968952873754882e-08    9.200428065332659e-16
-4.166666666666667    3.9993493021630026e-08    1.249573025282163e-08    1.7556227586224513e-15
-4.157657657657658    4.8796657776332586e-08    8.012911022711207e-10    2.3817558775710983e-15
-4.148648648648648    5.0411577788252384e-08    -7.213144015782295e-09    2.593356621693437e-15
-4.13963963963964    5.262496877720315e-08    -6.176419088319932e-09    2.807535491556169e-15
-4.13063063063063    6.526570788370821e-08    1.1457912361974513e-09    4.260925463118479e-15
-4.121621621621622    9.322984183808901e-08    5.191177606013344e-09    8.718751734092265e-15
-4.112612612612613    1.3321444714531043e-07    -4.12908502800688e-09    1.7763138271399218e-14
-4.103603603603603    1.7665112106952857e-07    -3.102431753044336e-08    3.2168126853351016e-14
-4.094594594594595    2.1661399826008303e-07    -7.224671629533264e-08    5.214121225767754e-14
-4.085585585585585    2.5339270410627504e-07    -1.2169812485515044e-07    7.901829608755003e-14
-4.076576576576577    2.9433175461947614e-07    -1.7789170533240877e-07    1.1827664060345206e-13
-4.0675675675675675    3.477945006903102e-07    -2.487267825392027e-07    1.8282602706272598e-13
-4.058558558558558    4.1550821559630503e-07    -3.5000342270426105e-07    2.9514947313272313e-13
-4.04954954954955    4.887400540779202e-07    -4.987947512350653e-07    4.876630443197389e-13
-4.04054054054054    5.507971348729513e-07    -7.066610830090963e-07    8.027473700238409e-13
-4.031531531531532    5.834439075667275e-07    -9.777675397970538e-07    1.2964361551575152e-12
-4.0225225225225225    5.717006231150485e-07    -1.3131410244501662e-06    2.0511809525641665e-12
-4.013513513513513    5.025419881236784e-07    -1.7174269343142398e-06    3.2021037245353074e-12
-4.004504504504505    3.5751720961395375e-07    -2.202266246236097e-06    4.977795174480978e-12
-3.9954954954954953    1.0389904725251817e-07    -2.7825319405593855e-06    7.75327901225316e-12
-3.9864864864864864    -3.0981607290047855e-07    -3.4665677587601715e-06    1.2113078025102993e-11
-3.9774774774774775    -9.513103810881639e-07    -4.245556898571524e-06    1.8929744820174367e-11
-3.9684684684684686    -1.8970186285867357e-06    -5.0871765446176494e-06    2.947804487331307e-11
-3.9594594594594597    -3.2252317568678107e-06    -5.934723919105744e-06    4.562306788151446e-11
-3.9504504504504503    -5.013796699797261e-06    -6.707958502277392e-06    7.013486461517346e-11
-3.9414414414414414    -7.341654323567926e-06    -7.299830281272663e-06    1.0718741034214895e-10
-3.9324324324324325    -1.02886546937262e-05    -7.565798431616025e-06    1.6309772131457767e-10
-3.9234234234234235    -1.3926906491562822e-05    -7.307893658871587e-06    2.473640341541102e-10
-3.9144144144144146    -1.8300278494272146e-05    -6.260163209260021e-06    3.7408983637449235e-10
-3.9054054054054053    -2.3394113486844993e-05    -4.0825288149342485e-06    5.639515873601513e-10
-3.8963963963963963    -2.9100757965029834e-05    -3.663870121743107e-07    8.469883535819373e-10
-3.8873873873873874    -3.518570633796946e-05    5.349357179416033e-06    1.2666495527347942e-09
-3.8783783783783785    -4.125501387958802e-05    1.3554799754373792e-05    1.885708766586172e-09
-3.8693693693693696    -4.672092459932135e-05    2.4738122938848208e-05    2.7948195219530388e-09
-3.8603603603603602    -5.076311899290825e-05    3.9341715713439606e-05    4.124664845165263e-09
-3.8513513513513513    -5.228846400838514e-05    5.769583019512869e-05    6.062892290261311e-09
-3.8423423423423424    -4.989990971695474e-05    7.992135628322234e-05    8.877424179909997e-09
-3.8333333333333335    -4.1890874487981384e-05    0.00010579955654326125    1.2948391530118543e-08
-3.8243243243243246    -2.6282289318521086e-05    0.00013461489706024184    1.8811929242361955e-08
-3.815315315315315    -9.161198890077126e-07    0.0001649835104139624    2.7220397984165076e-08
-3.8063063063063063    3.638495064088636e-05    0.00019468270490133417    3.92252202208397e-08
-3.7972972972972974    8.758375614935722e-05    0.00022049824671877889    5.6290391147285555e-08
-3.7882882882882885    0.00015411223302255723    0.00023810987094171523    8.044689100707926e-08
-3.7792792792792795    0.0002364644299853613    0.00024204431914429857    1.1450087907832891e-07
-3.77027027027027    0.0003336981122033426    0.00022573795208089188    1.6231205309774965e-07
-3.7612612612612613    0.0004428608507583858    0.00018176257793956141    2.2916336787367638e-07
-3.7522522522522523    0.0005583817826586598    0.00010227231623785848    3.222498418737193e-07
-3.743243243243243    0.0006714994325351245    -2.0278031824591317e-05    4.513226864696733e-07
-3.7342342342342345    0.0007698236719225805    -0.00019211196058323298    6.295354912514985e-07
-3.725225225225225    0.0008371526052701504    -0.00041680581597744644    8.745515727432252e-07
-3.7162162162162162    0.0008536818750145314    -0.0006936952177745374    1.2099857988915888e-06
-3.7072072072072073    0.0007967536135231824    -0.0010160975331535086    1.6672705175428941e-06
-3.698198198198198    0.000642290859883612    -0.0013694951085756544    2.2880544011026733e-06
-3.689189189189189    0.0003670417636360397    -0.0017298978540180236    3.1272662415892177e-06
-3.68018018018018    -4.8295514621553065e-05    -0.002062685581109352    4.257004263248985e-06
-3.671171171171171    -0.0006150917115712274    -0.002322306711880844    5.771446277690439e-06
-3.6621621621621623    -0.0013321145459917515    -0.0024532606817520264    7.793017136273228e-06
-3.653153153153153    -0.0021805117763943173    -0.00239279440598143    1.0480096676290327e-05
-3.644144144144144    -0.003119000077503342    -0.002075678397193028    1.4036602292039671e-05
-3.635135135135135    -0.004080017962698013    -0.001441279746683624    1.8723833884138857e-05
-3.626126126126126    -0.004967781997990209    -0.0004429066638898148    2.4875024292473596e-05
-3.6171171171171173    -0.005659304258070097    0.0009409413666850216    3.2913095340949404e-05
-3.608108108108108    -0.006009440954449406    0.002694215719858609    4.3372178930147036e-05
-3.599099099099099    -0.005860896171174319    0.004751149410609799    5.6923524651223626e-05
-3.59009009009009    -0.0050597498513745625    0.006986086934624102    7.440647921661049e-05
-3.581081081081081    -0.0034764784386266527    0.009207572039009406    9.686528518778383e-05
-3.5720720720720722    -0.0010315829869997591    0.011159226551397372    0.00012559250068447944
-3.563063063063063    0.0022761280304955103    0.012529928987911691    0.00016217987925331705
-3.554054054054054    0.006341740460947939    0.012975356953751982    0.0002085775601513041
-3.545045045045045    0.010931210783042116    0.012151996785719175    0.0002671623950634254
-3.536036036036036    0.015668312851607608    0.009763203542080521    0.00034081617101994573
-3.527027027027027    0.02003716179025033    0.005614848547572598    0.00043301437682084597
-3.518018018018018    0.02340557201491696    -0.0003243417658307456    0.0005479259989265261
-3.509009009009009    0.02507315446865373    -0.007865211017901117    0.0006905246193650836
-3.5    0.024345541568452204    -0.01655310915607283    0.0008667108169940964
-3.490990990990991    0.020632430194510804    -0.02564660522019844    0.001083445535052071
-3.481981981981982    0.013562449062493355    -0.034131417133050256    0.0013488936600830035
-3.472972972972973    0.003102646378938104    -0.04077928558880802    0.0016725765476863035
-3.463963963963964    -0.010334604675503739    -0.04425751424437422    0.002065531620889931
-3.454954954954955    -0.025818290465671648    -0.04328847808298582    0.002540476457310935
-3.445945945945946    -0.041881528574957395    -0.03684985138316526    0.0031119739827363394
-3.436936936936937    -0.05658099753223518    -0.024396418629667408    0.003796594523696787
-3.4279279279279278    -0.06764740023693784    -0.006074439269584033    0.004613069571256323
-3.418918918918919    -0.07273052227653751    0.017108545757824337    0.0055824312085654875
-3.40990990990991    -0.0697274197663411    0.04319973639776535    0.006728130292107948
-3.4009009009009006    -0.0571643940581285    0.06934232284257726    0.008076125685237209
-3.391891891891892    -0.0345850730022277    0.09197178306514396    0.00965493615475132
-3.3828828828828827    -0.002881425990116527    0.10717902488077094    0.011495645990129436
-3.373873873873874    0.0355042374510141    0.11122636446647222    0.013631855029406507
-3.364864864864865    0.07657646440705608    0.10117118523964641    0.016099563623879976
-3.3558558558558556    0.1150379182709234    0.07551993488428012    0.01893698320503356
-3.346846846846847    0.14481947536331277    0.03480780305760554    0.02218426359820221
-3.3378378378378377    0.15987040122761106    -0.018016213177688527    0.025883129125941266
-3.328828828828829    0.15513737262916782    -0.077516530695203    0.030076416917301618
-3.31981981981982    0.1276073918575639    -0.1361024109540158    0.03480751272418566
-3.3108108108108105    0.07724497559314158    -0.1848050207547247    0.04011968195053928
-3.301801801801802    0.007629900683794671    -0.2144693011011821    0.04605529649927408
-3.2927927927927927    -0.07389111918837    -0.2172442493684305    0.05265496137856272
-3.2837837837837838    -0.15667998371773964    -0.1881699535054256    0.05995654870002519
-3.274774774774775    -0.2279661408762902    -0.12659221641822643    0.06799415064370767
-3.2657657657657655    -0.27462743114558047    -0.03710446207369268    0.07679696704339864
-3.256756756756757    -0.2853968585998079    0.07026222625633465    0.08638814733713511
-3.2477477477477477    -0.25317156876164043    0.1807975867385793    0.09678361059972412
-3.2387387387387387    -0.17700780070688762    0.2768738152535586    0.10799087108415092
-3.22972972972973    -0.06335649893401973    0.34057870460904804    0.12000789999035365
-3.2207207207207205    0.07384985277893334    0.3568868954247778    0.13282205688140644
-3.211711711711712    0.21449956892363437    0.31685810866537956    0.14640912609542645
-3.2027027027027026    0.33500187973307727    0.2202413109435418    0.16073249447082502
-3.1936936936936937    0.41211031026965833    0.0768609049410315    0.17574250653890833
-3.184684684684685    0.42731067219584307    -0.09371030532983478    0.19137603189747412
-3.1756756756756754    0.37099208599067507    -0.26442607435263665    0.20755627666525858
-3.166666666666667    0.24552006752714012    -0.4048614122604572    0.2241928666960633
-3.1576576576576576    0.06640273466560798    -0.48659315805826686    0.2411822246401886
-3.1486486486486487    -0.13899669696877523    -0.4889664347596121    0.25840825608975554
-3.1396396396396398    -0.33531725861116185    -0.4041109849898642    0.27574335211198303
-3.1306306306306304    -0.4852096309247063    -0.24004441412862632    0.2930497066964452
-3.121621621621622    -0.5565455915329348    -0.020927084005376476    0.3101809382997124
-3.1126126126126126    -0.5294642163509617    0.21598990411516758    0.3269839950758173
-3.1036036036036037    -0.4017208747785371    0.42652274573786875    0.3433013138646037
-3.0945945945945947    -0.19095692484232699    0.5678984475832141    0.35897319391266264
-3.0855855855855854    0.06699870488616046    0.6077429649992014    0.3738403379624434
-3.076576576576577    0.3239110818669905    0.5318158677017776    0.3877465060956388
-3.0675675675675675    0.5282050086183594    0.34862686462669934    0.40054122186896407
-3.0585585585585586    0.6356602395836435    0.08954622229807017    0.41208246611539046
-3.0495495495495497    0.6195005897483622    -0.1961079061136262    0.42223929153883943
-3.0405405405405403    0.4775174258917177    -0.45041247657048145    0.4308942910806066
-3.031531531531532    0.23429608520651063    -0.6189113018351612    0.4379458550823905
-3.0225225225225225    -0.06243714935189399    -0.6628814063661503    0.44331015652515604
-3.0135135135135136    -0.3510284281395173    -0.5689480227916237    0.44692281000059825
-3.0045045045045047    -0.5689801571099473    -0.35355585019324287    0.4487401583907271
-2.9954954954954953    -0.667114460959534    -0.06081485998259961    0.4487401512160328
-2.9864864864864864    -0.6215076356661113    0.246274336298407    0.44692278991050066
-2.9774774774774775    -0.44015131827213116    0.4995767653728405    0.44331012747708504
-2.9684684684684686    -0.162358848937844    0.641549239565974    0.4379458226161011
-2.9594594594594597    0.1493985293407366    0.6391982012354871    0.4308942610318572
-2.9504504504504503    0.42365025212172075    0.4927065380371483    0.4222392687473494
-2.9414414414414414    0.5968693439907058    0.23628254201988    0.4120824534592718
-2.9324324324324325    0.629069619481675    -0.06937314828959665    0.40054121985842966
-2.9234234234234235    0.5140315336522364    -0.35145141272626784    0.38774651309615976
-2.9144144144144146    0.28131369016588414    -0.542865506976393    0.3738403509394833
-2.9054054054054053    -0.010773162434567477    -0.5990468666300147    0.35897320944808025
-2.8963963963963963    -0.2896918972775218    -0.5092935634594988    0.3433013291295248
-2.8873873873873874    -0.48709664081532594    -0.2995344236995452    0.3269840084745933
-2.878378378378378    -0.5563515423892577    -0.025571681506822895    0.31018094961399234
-2.8693693693693696    -0.48444882936743167    0.2415761752464404    0.2930497167221738
-2.8603603603603602    -0.29502766849949535    0.43439847693650774    0.27574336194500576
-2.8513513513513513    -0.04157664301432436    0.5066356176613335    0.2584082663274215
-2.8423423423423424    0.20738009682536623    0.4451693275969211    0.24118223479239315
-2.833333333333333    0.38703435370525363    0.2727586553764151    0.22419287503079333
-2.8243243243243246    0.45374590034003814    0.04087711457721038    0.2075562805715502
-2.815315315315315    0.39629538367791034    -0.18527276527334807    0.1913760286764553
-2.8063063063063063    0.23781210800995983    -0.3452359999609057    0.17574249438514727
-2.7972972972972974    0.027962503793015694    -0.39993820986578826    0.1607324733290257
-2.788288288288288    -0.17216438567845072    -0.3417140945317212    0.1464090980976724
-2.7792792792792795    -0.3079115235270801    -0.19496799702349643    0.13282202618412173
-2.77027027027027    -0.34633971950246145    -0.007527994416175472    0.12000787200497365
-2.7612612612612613    -0.2845068573588296    0.1644588075919717    0.10799085127877057
-2.7522522522522523    -0.14852167275717162    0.2733585848408108    0.09678360318475915
-2.743243243243243    0.015978117864377344    0.29348399265290176    0.08638815419397643
-2.7342342342342345    0.15866348622080276    0.22720670178562438    0.07679698719604051
-2.725225225225225    0.23988087761663837    0.10223181980105596    0.06799418042596421
-2.7162162162162162    0.24178784013413016    -0.03866811273084392    0.059956582578892935
-2.7072072072072073    0.17203622006036928    -0.15185036121727155    0.05265499321447566
-2.698198198198198    0.0592964551814915    -0.20625045772594772    0.04605532090925358
-2.6891891891891895    -0.057442875802709265    -0.19188541227090977    0.04011969542286249
-2.68018018018018    -0.14197290573508675    -0.12104217551191994    0.034807514215522264
-2.671171171171171    -0.17198630678213234    -0.02229614533759864    0.03007640781747306
-2.6621621621621623    -0.14477695399357582    0.07016228506523514    0.025883112653233287
-2.653153153153153    -0.07609245854270509    0.1280397656556071    0.022184243836216075
-2.6441441441441444    0.006910015860136504    0.1374380433130562    0.018936964068908848
-2.635135135135135    0.07575483073175233    0.10178778734596301    0.016099548031983435
-2.626126126126126    0.11013819067537355    0.03874820540078458    0.013631844467026331
-2.6171171171171173    0.10368166910190883    -0.027308460416644316    0.011495640518085146
-2.608108108108108    0.06436864083317638    -0.07424023747221076    0.009654934782640708
-2.5990990990990994    0.010062835135462016    -0.0893021068378102    0.008076126936635156
-2.59009009009009    -0.038820929781936846    -0.0722569593318097    0.006728132761012872
-2.581081081081081    -0.06663334102718649    -0.03379987880413866    0.005582433943619796
-2.5720720720720722    -0.0672354677074764    0.009615824915031167    0.004613072206639636
-2.563063063063063    -0.044802837332376305    0.04230015292859973    0.0037965971708142964
-2.5540540540540544    -0.010884172350591215    0.0547129944761322    0.0031119769723026466
-2.545045045045045    0.02076027069658981    0.04592919785704674    0.0025404800551874322
-2.536036036036036    0.03938987554777492    0.02267098436775646    0.0020655358278722545
-2.527027027027027    0.04067234047025908    -0.004282728729186078    0.0016725810446964707
-2.518018018018018    0.027240277095654172    -0.024634634189028597    0.001348897897875278
-2.509009009009009    0.006608634385510771    -0.03224554026180238    0.0010834489152168737
-2.5    -0.012391048785643134    -0.026705332718125734    0.000866712885593985
-2.490990990990991    -0.02310302280147111    -0.012521003889300716    0.0006905252009611776
-2.481981981981982    -0.02315807268566728    0.003410117231440188    0.0005479252300468143
-2.472972972972973    -0.014613734585254948    0.014813892151605071    0.0004330126392076629
-2.463963963963964    -0.002383285097569319    0.018306663053131982    0.0003408139599972036
-2.454954954954955    0.008161510155857345    0.014161565149006638    0.000267160175493722
-2.445945945945946    0.013343616647548916    0.005524812495446541    0.00020857565834658681
-2.436936936936937    0.012286997484329742    -0.003347854768684021    0.00016217843873212573
-2.4279279279279278    0.006720210960841021    -0.008968292342310996    0.00012559150289536187
-2.418918918918919    -0.00021437120125261596    -0.009839647298258246    9.68646139660473e-05
-2.40990990990991    -0.005489263010505399    -0.006653870205763802    7.440599711365402e-05
-2.400900900900901    -0.007379203204431992    -0.0015717799336446526    5.692313209210737e-05
-2.391891891891892    -0.005888151196986741    0.0029498331018270986    4.337183984721127e-05
-2.3828828828828827    -0.0023859648649797423    0.005217279038459226    3.291282890206383e-05
-2.373873873873874    0.0012419726960225367    0.004830360113122918    2.4874875000114335e-05
-2.364864864864865    0.0034826306477365844    0.002568096837123505    1.872383759339789e-05
-2.355855855855856    0.003741599187610966    -0.0001928694932769198    1.4036763122167934e-05
-2.346846846846847    0.002387301473890063    -0.00218658951109835    1.0480382017282989e-05
-2.3378378378378377    0.0003786541224750025    -0.002765861557851638    7.793369101668803e-06
-2.328828828828829    -0.0012767467338337917    -0.002035121494107802    5.771801718134827e-06
-2.31981981981982    -0.001964343947280403    -0.0006314004916325146    4.257313724050936e-06
-2.310810810810811    -0.0016345607645002873    0.0006750672806287222    3.1275047262192216e-06
-2.3018018018018016    -0.0006895500213807413    0.0013463812043024686    2.2882215792851464e-06
-2.2927927927927927    0.0003014822132678129    0.0012555839853802624    1.667382669260242e-06
-2.2837837837837838    0.0008933595407120493    0.0006418513867941965    1.2100644717108769e-06
-2.274774774774775    0.0009312293910369776    -8.61732720728661e-05    8.746140115508444e-07
-2.265765765765766    0.0005466788827927344    -0.0005750931597516039    6.295899432845961e-07
-2.2567567567567566    2.5835510289486413e-05    -0.0006713430485453041    4.513689624220207e-07
-2.2477477477477477    -0.00035974290998339276    -0.0004391678010614725    3.222833187724885e-07
-2.2387387387387387    -0.00047287246895260076    -7.464148904315204e-05    2.2917972377990735e-07
-2.22972972972973    -0.000338192857040744    0.00021894306663792828    1.623104749822014e-07
-2.220720720720721    -8.76402616163237e-05    0.0003268087229639121    1.144847568614807e-07
-2.2117117117117115    0.0001297969553898461    0.00025214105146615463    8.042235946293173e-08
-2.2027027027027026    0.00022242327639094582    8.241239249702616e-05    5.626391631756697e-08
-2.1936936936936937    0.0001832111156428898    -7.506805053212888e-05    3.920152510580659e-08
-2.184684684684685    6.951268895068801e-05    -0.00014956443507840015    2.7201534165476077e-08
-2.175675675675676    -4.246987142494163e-05    -0.0001303606627457801    1.8797592370370092e-08
-2.1666666666666665    -9.966985628201204e-05    -5.479905485673262e-05    1.2937016664468125e-08
-2.1576576576576576    -9.115488109873414e-05    2.3625760115406044e-05    8.867388889155069e-09
-2.1486486486486487    -4.118121282967202e-05    6.601064704596992e-05    6.05329781355036e-09
-2.1396396396396398    1.3042876820800785e-05    6.28122913404866e-05    4.1155005792047504e-09
-2.130630630630631    4.3554579140792584e-05    2.982684624034025e-05    2.7866421207764634e-09
-2.1216216216216215    4.2737294132601475e-05    -7.257062340926074e-06    1.87914126359658e-09
-2.1126126126126126    2.095379307764198e-05    -2.8686778412254626e-05    1.261992700014435e-09
-2.1036036036036037    -4.167770825456938e-06    -2.8752822771420268e-05    8.44095130978234e-10
-2.0945945945945947    -1.889307379845309e-05    -1.4331764979754018e-05    5.623477249886984e-10
-2.085585585585586    -1.9150772966855813e-05    2.5418695467808124e-06    3.732132060209071e-10
-2.0765765765765765    -9.568668556301095e-06    1.2458667337020747e-05    2.467778097548929e-10
-2.0675675675675675    1.6761498129641878e-06    1.2640336893457968e-05    1.625875949756145e-10
-2.0585585585585586    8.228385489958261e-06    6.247227100874542e-06    1.0673417422125698e-10
-2.0495495495495497    8.270234013106848e-06    -1.1906438268508906e-06    6.981440335396753e-11
-2.0405405405405403    3.9882845467704544e-06    -5.440315238346022e-06    4.550344351858794e-11
-2.0315315315315314    -8.962023195000591e-07    -5.362767447915974e-06    2.9562453297904496e-11
-2.0225225225225225    -3.60246586258316e-06    -2.485696438715581e-06    1.915644707652035e-11
-2.0135135135135136    -3.4499378234789678e-06    7.001826454349453e-07    1.2392326722839076e-11
-2.0045045045045047    -1.5119639295243134e-06    2.392448623975727e-06    8.009845342545952e-12
-1.9954954954954953    5.535230345962749e-07    2.2065788158402326e-06    5.175377820343552e-12
-1.9864864864864864    1.5926360946596998e-06    8.97963228322604e-07    3.342827689432453e-12
-1.9774774774774775    1.4031378170453813e-06    -4.351901516277584e-07    2.1581862016966694e-12
-1.9684684684684686    5.161966637985862e-07    -1.061609399874244e-06    1.393473513618143e-12
-1.9594594594594597    -3.427656370923304e-07    -8.855141700642805e-07    9.016236273559426e-13
-1.9504504504504503    -7.129761106447708e-07    -2.801316026134431e-07    5.868086491329206e-13
-1.9414414414414414    -5.572350276258167e-07    2.745263339492695e-07    3.8587558404477055e-13
-1.9324324324324325    -1.3869649269050168e-07    4.877758120326611e-07    2.5716195988876833e-13
-1.9234234234234235    2.2196037525683245e-07    3.527037114734805e-07    1.7366631627132207e-13
-1.9144144144144146    3.394385614670734e-07    5.7289897345025744e-08    1.1850066934863974e-13
-1.9054054054054053    2.218351451721523e-07    -1.79737217829952e-07    8.15162991068015e-14
-1.8963963963963963    7.277141708241471e-09    -2.3801654847414367e-07    5.670483413898621e-14
-1.8873873873873874    -1.5000534550984478e-07    -1.3350076684753624e-07    4.032405843040814e-14
-1.8783783783783785    -1.7026104473068209e-07    2.7544267812817532e-08    2.974751004212754e-14
-1.8693693693693696    -7.47747669428412e-08    1.3170793112068255e-07    2.2938244891446676e-14
-1.8603603603603602    4.977229694161562e-08    1.259358089224477e-07    1.8337109511795617e-14
-1.8513513513513513    1.1651314203473031e-07    3.65784072235444e-08    1.4913292141816684e-14
-1.8423423423423424    9.162081416734124e-08    -6.144895523911955e-08    1.2170347688665795e-14
-1.8333333333333335    6.979232489833366e-09    -9.981820551308115e-08    1.0012383837998849e-14
-1.8243243243243246    -6.9859312253503e-08    -6.018786453115356e-08    8.502902545352926e-15
-1.8153153153153152    -8.511624711282159e-08    1.971838312967623e-08    7.63359015581961e-15
-1.8063063063063063    -3.410613813890171e-08    7.783165090026091e-08    7.220994540609932e-15
-1.7972972972972974    3.991095900382034e-08    7.332622218063825e-08    6.969619507888953e-15
-1.7882882882882885    8.022146325926425e-08    1.408851657345649e-08    6.633969466698043e-15
-1.779279279279279    5.8595127304261984e-08    -5.213996133803378e-08    6.151964512134325e-15
-1.7702702702702702    -5.552199438891538e-09    -7.49641206073433e-08    5.6504462970415405e-15
-1.7612612612612613    -6.174660986354792e-08    -3.8832072895455633e-08    5.320573714999173e-15
-1.7522522522522523    -6.741485262726181e-08    2.6685512576784844e-08    5.256878936241171e-15
-1.7432432432432434    -1.967970361426629e-08    7.064963019264402e-08    5.378660980702724e-15
-1.734234234234234    4.358387731805448e-08    5.990940690696832e-08    5.488691398019927e-15
-1.7252252252252251    7.352276247537327e-08    3.855610114432284e-09    5.420462331364669e-15
-1.7162162162162162    4.776904148258069e-08    -5.3647039171657275e-08    5.159886136049845e-15
-1.7072072072072073    -1.2982476287273406e-08    -6.841591929146296e-08    4.849282703045589e-15
-1.6981981981981984    -6.154466527194606e-08    -2.9750535906377793e-08    4.6728402101525574e-15
-1.689189189189189    -6.078873729066448e-08    3.190290672602121e-08    4.713066038962632e-15
-1.6801801801801801    -1.1947185932508584e-08    6.888775892259547e-08    4.8882585810835625e-15
-1.6711711711711712    4.686512821447758e-08    5.3111589857956904e-08    5.017181219799254e-15
-1.6621621621621623    7.036983580815908e-08    -2.6726924285562188e-09    4.95905707648493e-15
-1.6531531531531534    4.094096452525461e-08    -5.517373365378695e-08    4.72030346155718e-15
-1.644144144144144    -1.822653908194891e-08    -6.414499706983048e-08    4.446787375994372e-15
-1.635135135135135    -6.1407628977544e-08    -2.320703559209497e-08    4.3094633976164645e-15
-1.6261261261261262    -5.5677262777581566e-08    3.567661195526662e-08    4.372778231010543e-15
-1.6171171171171173    -5.9900327464568305e-09    6.716415485229619e-08    4.5469041893268475e-15
-1.6081081081081083    4.9075220943636405e-08    4.744024821682178e-08    4.658954461540391e-15
-1.599099099099099    6.727392066919678e-08    -7.801705686839914e-09    4.586647013829451e-15
-1.59009009009009    3.5089503396727636e-08    -5.5855018287058234e-08    4.35105631647657e-15
-1.5810810810810811    -2.226741561001453e-08    -6.001935791459133e-08    4.098161122428936e-15
-1.5720720720720722    -6.062133942836412e-08    -1.7612963224566323e-08    3.98516326763886e-15
-1.5630630630630633    -5.0856313551121987e-08    3.838925261111789e-08    4.060099344050255e-15
-1.554054054054054    -9.984514380137317e-10    6.500680740871205e-08    4.226881914747453e-15
-1.545045045045045    5.037282936804879e-08    4.2233022519005845e-08    4.3210501296334134e-15
-1.5360360360360361    6.398091737006505e-08    -1.1956257134692252e-08    4.236509872185971e-15
-1.5270270270270272    2.986620670947224e-08    -5.579997109142465e-08    4.0056270770167514e-15
-1.5180180180180178    -2.5366500016558228e-08    -5.5936164586914964e-08    3.772313831784489e-15
-1.509009009009009    -5.9307386496066335e-08    -1.276969479452479e-08    3.680431198139105e-15
-1.5    -4.6303098473292695e-08    4.025014525573329e-08    3.764051121335069e-15
-1.490990990990991    3.1751938441838765e-09    6.255518578174112e-08    3.9232331241362895e-15
-1.4819819819819822    5.0960255173700616e-08    3.748888480606301e-08    4.002364091370942e-15
-1.4729729729729728    6.063040945648695e-08    -1.5284429439800147e-08    3.909660334161491e-15
-1.4639639639639639    2.5252858616647207e-08    -5.521230844449434e-08    3.686105872082354e-15
-1.454954954954955    -2.7691248866242747e-08    -5.201291640644447e-08    3.47214873687597e-15
-1.445945945945946    -5.7661503274703076e-08    -8.621944374928175e-09    3.3991868847029494e-15
-1.4369369369369371    -4.209514653382554e-08    4.144480943309657e-08    3.489673590649935e-15
-1.4279279279279278    6.628019451157319e-09    5.998162899444065e-08    3.641726458671643e-15
-1.4189189189189189    5.1029477441847176e-08    3.323521218162474e-08    3.7085868967456075e-15
-1.40990990990991    5.735730054520883e-08    -1.7919483929943277e-08    3.610967830148908e-15
-1.400900900900901    2.12249881979246e-08    -5.427548985408405e-08    3.396328922902819e-15
-1.391891891891892    -2.939886721496007e-08    -4.8338002300802906e-08    3.2008558599552807e-15
-1.3828828828828827    -5.584423160807738e-08    -5.098981095843541e-09    3.1445778121123588e-15
-1.3738738738738738    -3.827089585435521e-08    4.213921836208193e-08    3.240375193662126e-15
-1.364864864864865    9.466688054244095e-09    5.7412338346855763e-08    3.385794777170213e-15
-1.355855855855856    5.074036471022806e-08    2.9462241487736543e-08    3.4426082844086612e-15
-1.346846846846847    5.4246584845037797e-08    -1.9991319419306904e-08    3.3423448194746416e-15
-1.3378378378378377    1.7730919932385803e-08    -5.313081158030257e-08    3.1372686608302896e-15
-1.3288288288288288    -3.062899257548857e-08    -4.4953231941433164e-08    2.958928248169621e-15
-1.3198198198198199    -5.396895910898615e-08    -2.116795237064029e-09    2.917129369383076e-15
-1.310810810810811    -3.48310052176103e-08    4.2469882144706954e-08    3.0168898138544943e-15
-1.301801801801802    1.1796506888565874e-08    5.492690441413857e-08    3.1561224032918973e-15
-1.2927927927927927    5.021556149415166e-08    2.6134536666586554e-08    3.204616622950084e-15
-1.2837837837837838    5.134195093496733e-08    -2.1615481457681756e-08    3.1032249644559765e-15
-1.2747747747747749    1.470657198035432e-08    -5.1879232709765665e-08    2.9077380459673625e-15
-1.265765765765766    -3.149700178352082e-08    -4.186778480708801e-08    2.744972526003743e-15
-1.2567567567567566    -5.210994957404099e-08    4.0839964349824044e-10    2.7156136348779045e-15
-1.2477477477477477    -3.175402798515121e-08    4.254289415360952e-08    2.8182161362469897e-15
-1.2387387387387387    1.3711842599410627e-08    5.257051149147617e-08    2.9516733059464405e-15
-1.2297297297297298    4.954489995440208e-08    2.320553600948618e-08    2.993194012979271e-15
-1.220720720720721    4.8659812125100195e-08    -2.2888508530535287e-08    2.891661138802435e-15
-1.2117117117117115    1.2086994193859093e-08    -5.058982406843722e-08    2.7054257279178133e-15
-1.2027027027027026    -3.209416651476192e-08    -3.9071968667870335e-08    2.5566542598603064e-15
-1.1936936936936937    -5.0313146070655494e-08    2.5525938661187753e-09    2.5379284029724635e-15
-1.1846846846846848    -2.900832305132728e-08    4.243808121968452e-08    2.642473543858706e-15
-1.1756756756756759    1.5292687034697315e-08    5.0365468265498346e-08    2.7705466703441203e-15
-1.1666666666666665    4.879238669025909e-08    2.062663198538814e-08    2.8061549459924095e-15
-1.1576576576576576    4.620020655428884e-08    -2.3888253542919757e-08    2.7051077429897717e-15
-1.1486486486486487    9.812198844164926e-09    -4.930834338338181e-08    2.5275919733709243e-15
-1.1396396396396398    -3.2490995061539575e-08    -3.654650689966384e-08    2.3913119266561656e-15
-1.1306306306306309    -4.8605189268515064e-08    4.3813543651789505e-09    2.381660689901445e-15
-1.1216216216216215    -2.655913134309377e-08    4.221446244788993e-08    2.487448297464015e-15
-1.1126126126126126    1.6604872372072428e-08    4.8319708538448956e-08    2.610516019733471e-15
-1.1036036036036037    4.800284892259751e-08    1.835179429526615e-08    2.641061858541484e-15
-1.0945945945945947    4.3954088781727626e-08    -2.467637412939337e-08    2.540885360805789e-15
-1.0855855855855858    7.829377394111283e-09    -4.806423133135289e-08    2.371469483853225e-15
-1.0765765765765765    -3.2741332057426685e-08    -3.426819275844755e-08    2.2463038598247935e-15
-1.0675675675675675    -4.700006034373498e-08    5.949750663639212e-09    2.2444052052742047e-15
-1.0585585585585586    -2.437240491115188e-08    4.191527794388905e-08    2.350904646266612e-15
-1.0495495495495497    1.770173077060203e-08    4.643256801586072e-08    2.469334644822411e-15
-1.0405405405405403    4.7207275643319676e-08    1.6339583305817393e-08    2.4955088562721096e-15
-1.0315315315315314    4.190789747469088e-08    -2.5301256560713538e-08    2.396425454300252e-15
-1.0225225225225225    6.093263340400837e-09    -4.6875750457644743e-08    2.234463839102854e-15
-1.0135135135135136    -3.288607274048883e-08    -3.2213087914933646e-08    2.1191768133079668e-15
-1.0045045045045047    -4.5503638229345253e-08    7.303368285748417e-09    2.1239202804244063e-15
-0.9954954954954953    -2.2416630305173324e-08    4.157204472042825e-08    2.230740216476101e-15
-0.9864864864864864    1.8626148921511676e-08    4.469849220187412e-08    2.3448886287673322e-15
-0.9774774774774775    4.6426825901587557e-08    1.4553706198642543e-08    2.3672605274127276e-15
-0.9684684684684686    4.0046277295524944e-08    -2.5800755685828736e-08    2.2693833191899006e-15
-0.9594594594594597    4.565607978410751e-09    -4.5753635572186e-08    2.114239944284932e-15
-0.9504504504504503    -3.295624157187391e-08    -3.035822072732439e-08    2.0077354242726586e-15
-0.9414414414414414    -4.411676147419195e-08    8.479677075353014e-09    2.0181935662730143e-15
-0.9324324324324325    -2.0663548422564184e-08    4.120767533422225e-08    2.1250547398623233e-15
-0.9234234234234235    1.9412528857350363e-08    4.310937967683401e-08    2.23526489275889e-15
-0.9144144144144146    4.5675742258029247e-08    1.2962871165344102e-08    2.2543094596712283e-15
-0.9054054054054053    3.835364891630513e-08    -2.620450083423402e-08    2.157678249166565e-15
-0.8963963963963963    3.2143294502498216e-09    -4.470362293121757e-08    2.0087458169912247e-15
-0.8873873873873874    -3.297541614938003e-08    -2.8682403155880957e-08    1.910058321021283e-15
-0.8783783783783785    -4.283725797748784e-08    9.509401359965878e-09    1.9254593852547666e-15
-0.8693693693693696    -1.9088292058869275e-08    4.0838816320388327e-08    2.0321718121751077e-15
-0.8603603603603602    2.0088483097863298e-08    4.165604436719046e-08    2.1387731854944794e-15
-0.8513513513513513    4.496344443325801e-08    1.1540350798840434e-08    2.1548910318629775e-15
-0.8423423423423424    3.681509057068804e-08    -2.6535735460216365e-08    2.059496150142548e-15
-0.8333333333333335    2.012627504909516e-09    -4.372818358207757e-08    1.9162047088613966e-15
-0.8243243243243246    -3.2961552735454777e-08    -2.716656075706448e-08    1.8244859820994418e-15
-0.8153153153153152    -4.166124873840927e-08    1.0417718760129207e-08    1.844188510608756e-15
-0.8063063063063063    -1.7669224343236328e-08    4.047753397780618e-08    1.950632245816069e-15
-0.7972972972972974    2.0676217762110746e-08    4.0329066172284646e-08    2.0539395592747375e-15
-0.7882882882882885    4.429598303979637e-08    1.026341406179797e-08    2.0674717816658397e-15
-0.7792792792792791    3.54167497703282e-08    -2.681276473439827e-08    1.973270516996234e-15
-0.7702702702702702    9.381125507348873e-10    -4.282768833687316e-08    1.8350909434381878e-15
-0.7612612612612613    -3.292839351553645e-08    -2.5793751478006688e-08    1.749596714823195e-15
-0.7522522522522523    -4.0583995818460597e-08    1.122532316301385e-08    1.7730685967069223e-15
-0.7432432432432434    -1.638763242505231e-08    4.013258946764625e-08    1.8791792338772565e-15
-0.7342342342342341    2.1193679146295548e-08    3.9119313053339384e-08    1.979492689521292e-15
-0.7252252252252251    4.367710960142251e-08    9.112769763809083e-09    1.9907324759028673e-15
-0.7162162162162162    3.41460517935726e-08    -2.7050090606329626e-08    1.8976602548999848e-15
-0.7072072072072073    -2.7928195050246804e-11    -4.200122864040895e-08    1.7641039872879876e-15
-0.6981981981981984    -3.288651438705714e-08    -2.4549088488618422e-08    1.6841805741521335e-15
-0.689189189189189    -3.960045240353762e-08    1.1949265499557556e-08    1.7109807765437652e-15
-0.6801801801801801    -1.5227407883481174e-08    3.981034663837441e-08    1.8167376503174333e-15
-0.6711711711711712    2.1655433380193577e-08    3.801822914171276e-08    1.91434354195578e-15
-0.6621621621621623    4.310901454025394e-08    8.072062072113387e-09    1.9235453207278775e-15
-0.6531531531531534    3.299174903194738e-08    -2.725926857245056e-08    1.8315232272919916e-15
-0.644144144144144    -9.011528265567378e-10    -4.124715830180941e-08    1.702140144391336e-15
-0.6351351351351351    -3.2844100726037214e-08    -2.3419586671902686e-08    1.62721199238484e-15
-0.6261261261261262    -3.8705598349954455e-08    1.2603631009680855e-08    1.656974858256186e-15
-0.6171171171171173    -1.4174723894529586e-08    3.95154218739907e-08    1.762391363365611e-15
-0.6081081081081083    2.2073353548113632e-08    3.7017961908926556e-08    1.8575624407507582e-15
-0.599099099099099    4.259282535330488e-08    7.127414608695013e-09    1.86494881058137e-15
-0.5900900900900901    3.1943862128421736e-08    -2.744956778485188e-08    1.7738890992547945e-15
-0.5810810810810811    -1.6947119488030048e-09    -4.056344198177641e-08    1.6482648739983567e-15
-0.5720720720720722    -3.28075469657034e-08    -2.2393950794289896e-08    1.5778241700839116e-15
-0.5630630630630633    -3.789464393009514e-08    1.320012847856489e-08    1.6102474304393162e-15
-0.554054054054054    -1.321771379413183e-08    3.925119685710003e-08    1.715364412658402e-15
-0.545045045045045    2.245720014784319e-08    3.611143342841339e-08    1.8083614627350204e-15
-0.5360360360360361    4.2129011107629254e-08    6.267040732564081e-09    1.8141293764503664e-15
-0.5270270270270272    3.099363281649823e-08    -2.762849856272302e-08    1.723939207994304e-15
-0.5180180180180178    -2.419665409067649e-09    -3.994793218616948e-08    1.6016920666426338e-15
-0.5090090090090089    -3.278190046199827e-08    -2.146242626844486e-08    1.5352887392287942e-15
-0.5    -3.7163166081609844e-08    1.3748505134591463e-08    1.5701223066452043e-15
-0.49099099099099064    -1.234622730202184e-08    3.902015432174375e-08    1.6750017718858867e-15
-0.48198198198198217    2.281502368682614e-08    3.529233697939295e-08    1.7660743552974652e-15
-0.4729729729729728    4.1717613967142374e-08    5.480917746229963e-09    1.770399774452451e-15
-0.46396396396396433    3.013340348984804e-08    -2.7802199272983383e-08    1.6809842902966641e-15
-0.45495495495495497    -3.085362391432967e-09    -3.93985133870231e-08    1.5617623181939074e-15
-0.4459459459459456    -3.2771213496520974e-08    -2.061659827028866e-08    1.4989965582730278e-15
-0.43693693693693714    -3.650718054748199e-08    1.4256940311904911e-08    1.5360345785836667e-15
-0.4279279279279278    -1.1551584897807667e-08    3.882417749195053e-08    1.6407558715777364e-15
-0.4189189189189193    2.3153533579091283e-08    3.455514190514415e-08    1.7301439492827566e-15
-0.40990990990990994    4.135847557128296e-08    4.760524377873018e-09    1.7331860939327327e-15
-0.4009009009009006    2.9356561235586453e-08    -2.7975751804762514e-08    1.6444503766204103e-15
-0.3918918918918921    -3.699699153473776e-09    -3.8913243105981226e-08    1.52792826285141e-15
-0.38288288288288275    -3.2778785985938575e-08    -1.984928043940555e-08    1.4684427446741308e-15
-0.3738738738738743    -3.592318330921449e-08    1.4732285024663206e-08    1.5075153211153426e-15
-0.3648648648648649    -1.08264060540203e-08    3.8664706503007936e-08    1.6121705970102716e-15
-0.35585585585585555    2.347832767808914e-08    3.38950332435904e-08    1.7001051491438248e-15
-0.3468468468468471    4.105132749374308e-08    4.098604243036545e-09    1.7020100457395835e-15
-0.3378378378378377    2.8657405197108355e-08    -2.8153414527950673e-08    1.613861622213877e-15
-0.32882882882882924    -4.269389224501469e-09    -3.849040760810263e-08    1.4997391621881743e-15
-0.3198198198198199    -3.2807384014519515e-08    -1.915435579346372e-08    1.4432137917387478e-15
-0.3108108108108105    -3.5408175155259255e-08    1.5180316967141907e-08    1.4841808910484151e-15
-0.30180180180180205    -1.0164441824153725e-08    3.854290612588753e-08    1.588871490225584e-15
-0.2927927927927927    2.3794111746642824e-08    3.3307882295685476e-08    1.6755747768349639e-15
-0.2837837837837842    4.079589537100102e-08    3.4889781246788222e-09    1.67647804747615e-15
-0.27477477477477485    2.803106177306758e-08    -2.833882187364682e-08    1.588829249311814e-15
-0.2657657657657655    -4.800168853877693e-09    -3.81285888485375e-08    1.4768309086065557e-15
-0.256756756756757    -3.285941981403782e-08    -1.8526674721158186e-08    1.422979146738783e-15
-0.24774774774774766    -3.495970067444568e-08    1.560592075225854e-08    1.4657254337726116e-15
-0.2387387387387392    -9.560473079664012e-09    3.845978493383092e-08    1.570557702663508e-15
-0.22972972972972983    2.4104835358601325e-08    3.2790222195487954e-08    1.6562417592947476e-15
-0.22072072072072046    4.0591943608609215e-08    2.92640772649201e-09    1.6562697481061826e-15
-0.211711711711712    2.747338892386206e-08    -2.8535116614139357e-08    1.5690399791443184e-15
-0.20270270270270263    -5.296976885585196e-09    -3.782668723327703e-08    1.4589162311705873e-15
-0.19369369369369416    -3.293710026162111e-08    -1.7961950277960128e-08    1.4074842314319935e-15
-0.1846846846846848    -3.457588332298937e-08    1.6013246374082415e-08    1.451915767002038e-15
-0.17567567567567544    -9.010240545398117e-09    3.8416298387028095e-08    1.5569964164471136e-15
-0.16666666666666696    2.441378033319706e-08    3.233923662702911e-08    1.6418588957765807e-15
-0.1576576576576576    4.043928337309368e-08    2.4065004418416467e-09    1.6411268841059546e-15
-0.14864864864864913    2.6980865591794982e-08    -2.8745035772216534e-08    1.5542441896285146e-15
-0.13963963963963977    -5.764135747328089e-09    -3.758391335823704e-08    1.445775804233094e-15
-0.1306306306306304    -3.3042586931953586e-08    -1.7456637391959512e-08    1.396546740190069e-15
-0.12162162162162193    -3.425549680944476e-08    1.6405881515413305e-08    1.44259200995966e-15
-0.11261261261261257    -8.510432237028671e-09    3.841348910390615e-08    1.5480236019969734e-15
-0.10360360360360321    2.472358843592771e-08    3.195282252656724e-08    1.6322386925634413e-15
-0.09459459459459474    4.0337741399509694e-08    1.925721138054515e-09    1.6308417831152683e-15
-0.08558558558558538    2.6550477184014327e-08    -2.8970876483395395e-08    1.5442395229150177e-15
-0.0765765765765769    -6.205508357340322e-09    -3.739966593791438e-08    1.4372433462406138e-15
-0.06756756756756754    -3.317812041251056e-08    -1.700771552865415e-08    1.3900500616106733e-15
-0.05855855855855818    -3.39980047850367e-08    1.6787115744955065e-08    1.4376715843978965e-15
-0.04954954954954971    -8.058644731355676e-09    3.8452728657185454e-08    1.5435540960893379e-15
-0.04054054054054035    2.5036324766562495e-08    3.1629773622583e-08    1.6272601372326378e-15
-0.031531531531531876    4.028718579006323e-08    1.4815372610695286e-09    1.62525229153901e-15
-0.022522522522522515    2.6179681656924305e-08    -2.9214327947461185e-08    1.5388526890797106e-15
-0.013513513513513153    -6.624560029019743e-09    -3.7273284767272054e-08    1.433182552920241e-15
-0.0045045045045046805    -3.3346048389763655e-08    -1.6612346655298213e-08    1.3879290046082568e-15
0.0045045045045046805    -3.380350501279495e-08    1.716034494904813e-08    1.437154389920375e-15
0.013513513513513153    -7.653233046711485e-09    3.85361322992172e-08    1.5436054686500479e-15
0.022522522522522515    2.5353691777114656e-08    3.137017124542508e-08    1.6268973306962255e-15
0.031531531531531876    4.0287767320631165e-08    1.0727919058413768e-09    1.6242550781545552e-15
0.04054054054054035    2.5866664803509616e-08    -2.9476081426350042e-08    1.5379237243099412e-15
0.04954954954954971    -7.024064047907108e-09    -3.7203609473381156e-08    1.4334460335969572e-15
0.05855855855855818    -3.3548444479201974e-08    -1.6267378281254197e-08    1.390125723119518e-15
0.06756756756756754    -3.367222010581056e-08    1.7529593821227504e-08    1.4411050663913701e-15
0.0765765765765769    -7.292662088610506e-09    3.8667060316109404e-08    1.5483244738282996e-15
0.08558558558558538    2.567780153661488e-08    3.1175827977096744e-08    1.6312817418113095e-15
0.09459459459459474    4.0340789129173854e-08    7.000787265752972e-10    1.6278693777878747e-15
0.10360360360360321    2.5611297135368778e-08    -2.9755513421641403e-08    1.5413291199416305e-15
0.11261261261261257    -7.405043195111353e-09    -3.7188709427510776e-08    1.4378347736052938e-15
0.12162162162162193    -3.37859154993506e-08    -1.596912833520257e-08    1.3965011459154286e-15
0.1306306306306304    -3.3603140899749086e-08    1.7899640378190946e-08    1.4495682039969536e-15
0.13963963963963977    -6.973975298300302e-09    3.885009858595127e-08    1.5579664915994358e-15
0.14864864864864824    2.6012867180155335e-08    3.105007065418658e-08    1.6407761465623811e-15
0.1576576576576576    4.045052969062598e-08    3.652875876571265e-10    1.63637878727391e-15
0.16666666666666696    2.541705933341666e-08    -3.005140234775729e-08    1.5491136882252152e-15
0.17567567567567544    -7.764760202412213e-09    -3.722688318188308e-08    1.4461323324385338e-15
0.1846846846846848    -3.4055517828224156e-08    -1.571469746962263e-08    1.4067300111102571e-15
0.19369369369369327    -3.35918802965588e-08    1.8274343653232354e-08    1.4623660578147688e-15
0.20270270270270263    -6.690616848378336e-09    3.9088960892537656e-08    1.5727112174701423e-15
0.211711711711712    2.63673538665109e-08    3.099514677881984e-08    1.6559364737623933e-15
0.22072072072072046    4.062627780966634e-08    6.845424909624861e-11    1.650499134652407e-15
0.22972972972972983    2.529284960770372e-08    -3.0365674345909426e-08    1.56180241975974e-15
0.2387387387387383    -8.095259183731378e-09    -3.732101238571885e-08    1.458391186746767e-15
0.24774774774774766    -3.43497689601704e-08    -1.550692150343386e-08    1.4203712421307455e-15
0.256756756756757    -3.363027623092827e-08    1.865111221362954e-08    1.4788594661739402e-15
0.2657657657657655    -6.432750199694079e-09    3.938040745641394e-08    1.5921967665648471e-15
0.27477477477477485    2.675280296217705e-08    3.100563117348406e-08    1.6770616307991956e-15
0.2837837837837833    4.0880135562551214e-08    -1.9928376022890337e-10    1.6712251976296554e-15
0.2927927927927927    2.5249583238586706e-08    -3.0710796255606695e-08    1.580694460375705e-15
0.30180180180180205    -8.388156573303013e-09    -3.748614551988678e-08    1.4755722766363742e-15
0.3108108108108105    -3.466299691225617e-08    -1.5361932714628804e-08    1.4375123316678633e-15
0.3198198198198199    -3.3714430906738346e-08    1.9013628338936635e-08    1.498180913976448e-15
0.32882882882882836    -6.197081333789881e-09    3.9707545881215516e-08    1.6150930169664421e-15
0.3378378378378377    2.717216375346788e-08    3.1062621395938245e-08    1.7032129310326743e-15
0.3468468468468471    4.121346762832456e-08    -4.6024528384244797e-10    1.6987617396722556e-15
0.35585585585585555    2.528475395289111e-08    -3.111267939045635e-08    1.6073176013115699e-15
0.3648648648648649    -8.651907359104616e-09    -3.77502722393085e-08    1.4999385550924345e-15
0.3738738738738743    -3.5010268329821236e-08    -1.530726209987698e-08    1.460031161520414e-15
0.38288288288288275    -3.3864990024906616e-08    1.9336985797857508e-08    1.5207565691335677e-15
0.3918918918918921    -6.008018679658617e-09    4.004875828479776e-08    1.6399993286092843e-15
0.4009009009009006    2.7598368971306324e-08    3.114693483583505e-08    1.7318015195441188e-15
0.40990990990990994    4.1595951090846505e-08    -7.32347546013149e-10    1.7307594800802461e-15
0.4189189189189193    2.5362805427741902e-08    -3.158786493034622e-08    1.6410651100232909e-15
0.4279279279279278    -8.92915015205846e-09    -3.812635096366762e-08    1.5333483602427647e-15
0.43693693693693714    -3.5441344208336545e-08    -1.5348641871265966e-08    1.491669686586169e-15
0.4459459459459456    -3.4136449371533694e-08    1.9625991560102714e-08    1.5504767204125061e-15
0.45495495495495497    -5.920943376259644e-09    4.042070552607677e-08    1.668891005690686e-15
0.46396396396396433    2.7978543167559093e-08    3.1286065645140756e-08    1.7616167813310243e-15
0.4729729729729728    4.197865274702978e-08    -9.793318746980596e-10    1.7631663773765104e-15
0.48198198198198217    2.543831918145685e-08    -3.2092442213681176e-08    1.677032930016141e-15
0.49099099099099064    -9.262385235062457e-09    -3.8561774493686674e-08    1.572802232344647e-15
0.5    -3.599447227924802e-08    -1.542218932064503e-08    1.5334459581033715e-15
0.5090090090090094    -3.4558640341800297e-08    1.9957763280332906e-08    1.5926119374277113e-15
0.5180180180180178    -5.951394435384158e-09    4.091287930796687e-08    1.709282788993785e-15
0.5270270270270272    2.831652051852883e-08    3.157756192163469e-08    1.798967751190937e-15
0.5360360360360357    4.2386905842264966e-08    -1.101874594796276e-09    1.7978639145036934e-15
0.545045045045045    2.555701890596017e-08    -3.2530944350580806e-08    1.7114235557001908e-15
0.5540540540540544    -9.588010758256539e-09    -3.896808378289299e-08    1.6104415040110107e-15
0.5630630630630629    -3.658953460653645e-08    -1.544746006649325e-08    1.5774180652288324e-15
0.5720720720720722    -3.503387154996607e-08    2.0403548613438085e-08    1.643676951800453e-15
0.5810810810810807    -5.981808534171524e-09    4.158341550416368e-08    1.7649624783314073e-15
0.5900900900900901    2.8750310970889502e-08    3.205907498376101e-08    1.8543646697372604e-15
0.5990990990990994    4.297531474498892e-08    -1.091705392367881e-09    1.8480694980945875e-15
0.6081081081081079    2.5881436908413195e-08    -3.293141016903568e-08    1.7543265521654394e-15
0.6171171171171173    -9.746696587046365e-09    -3.9411862748948396e-08    1.6482930197018875e-15
0.6261261261261257    -3.708045085752546e-08    -1.5527054584800664e-08    1.6160492598767397e-15
0.6351351351351351    -3.5436035570663807e-08    2.082948797606504e-08    1.6895801863103886e-15
0.6441441441441444    -5.910084337291442e-09    4.227102600148608e-08    1.82176873609221e-15
0.6531531531531529    2.9353732043034912e-08    3.25435682415815e-08    1.9207254187487664e-15
0.6621621621621623    4.378209714579827e-08    -1.1601975264057089e-09    1.9182180887843947e-15
0.6711711711711708    2.6403685223738662e-08    -3.352461275411546e-08    1.821054253707676e-15
0.6801801801801801    -9.802934938333518e-09    -4.013193381868433e-08    1.706669645432459e-15
0.6891891891891895    -3.759406954684766e-08    -1.589048265826006e-08    1.6658215042056822e-15
0.698198198198198    -3.595213692452274e-08    2.103489622663775e-08    1.7350230087050503e-15
0.7072072072072073    -5.973701270209995e-09    4.282053261285357e-08    1.869283120114165e-15
0.7162162162162158    2.98522920983242e-08    3.293230586450988e-08    1.9756961130773015e-15
0.7252252252252251    4.4508855217431056e-08    -1.343616610976133e-09    1.9828434983635308e-15
0.7342342342342345    2.681275677467753e-08    -3.427977745336841e-08    1.8940270681104808e-15
0.743243243243243    -1.0068568764706652e-08    -4.102453345308569e-08    1.7843884220129735e-15
0.7522522522522523    -3.842672947202458e-08    -1.635436906266983e-08    1.7440789253541746e-15
0.7612612612612608    -3.683984984225128e-08    2.1285495400515427e-08    1.8102468508449848e-15
0.7702702702702702    -6.363926240857455e-09    4.357316165175472e-08    1.9391199735290224e-15
0.7792792792792795    3.0147138567942006e-08    3.362274171897761e-08    2.039338724535774e-15
0.788288288288288    4.516643454311004e-08    -1.217713798597297e-09    2.0414896362323384e-15
0.7972972972972974    2.7234140808015667e-08    -3.477916428958462e-08    1.9512886942327425e-15
0.8063063063063058    -1.030935444499031e-08    -4.170917745923627e-08    1.8459382733985044e-15
0.8153153153153152    -3.924741356380916e-08    -1.660091659071502e-08    1.8159499031005482e-15
0.8243243243243246    -3.7685646216231316e-08    2.1814474706466528e-08    1.8960792374540177e-15
0.833333333333333    -6.601690437712826e-09    4.465550011360706e-08    2.0376960070317494e-15
0.8423423423423424    3.0758762130019526e-08    3.4611887543732815e-08    2.14408420711113e-15
0.8513513513513509    4.628084156087012e-08    -9.345485609404415e-10    2.142789676595119e-15
0.8603603603603602    2.8151602190250322e-08    -3.533147349854061e-08    2.0408257254561845e-15
0.8693693693693696    -1.0136738726219506e-08    -4.263922188123597e-08    1.9208567146409105e-15
0.8783783783783781    -3.980998809735848e-08    -1.7194760436001523e-08    1.8804949387633073e-15
0.8873873873873874    -3.841738516804898e-08    2.1995172745295907e-08    1.959683107245638e-15
0.8963963963963968    -6.800808069614906e-09    4.543424128774427e-08    2.110521271792705e-15
0.9054054054054053    3.139237934287382e-08    3.531288805799587e-08    2.232481543803438e-15
0.9144144144144146    4.7392766977989744e-08    -9.86738006859548e-10    2.2470480137242163e-15
0.9234234234234231    2.8966301415668594e-08    -3.6290832830276475e-08    2.1560711652184373e-15
0.9324324324324325    -1.02530993703469e-08    -4.398775320280812e-08    2.040048478529364e-15
0.9414414414414418    -4.0867907682643274e-08    -1.8090453199790367e-08    1.9974503753308586e-15
0.9504504504504503    -3.976818855155612e-08    2.2114039778810357e-08    2.070539576010926e-15
0.9594594594594597    -7.589554672055694e-09    4.643182333958328e-08    2.213515558758393e-15
0.9684684684684681    3.160762081073479e-08    3.6444046598095655e-08    2.3272102257593624e-15
0.9774774774774775    4.8313549165806326e-08    -5.326637766153297e-10    2.3344827636957032e-15
0.9864864864864868    2.977277319988302e-08    -3.67845619095253e-08    2.2395220188873722e-15
0.9954954954954953    -1.028461721235294e-08    -4.4946290773836076e-08    2.1259424055308485e-15
1.0045045045045047    -4.180150939435787e-08    -1.8629013392476278e-08    2.09440632762365e-15
1.0135135135135132    -4.0926900597518e-08    2.2610515136706347e-08    2.186246587266346e-15
1.0225225225225225    -8.035702866085838e-09    4.781340632000064e-08    2.3506943444734972e-15
1.0315315315315319    3.2370740331598406e-08    3.7858176131907584e-08    2.4811063296503087e-15
1.0405405405405403    4.99386354212495e-08    -4.5434948456888706e-11    2.4938693720710168e-15
1.0495495495495497    3.1278940765980886e-08    -3.7587639647327076e-08    2.3912027896990553e-15
1.0585585585585582    -9.822210762895677e-09    -4.651924537097891e-08    2.2605160141560863e-15
1.0675675675675675    -4.258119618218749e-08    -1.992445282454737e-08    2.2101420886635518e-15
1.076576576576577    -4.2270209451963464e-08    2.241114596419865e-08    2.289030070541479e-15
1.0855855855855854    -8.884913660174458e-09    4.8697917371150826e-08    2.450428847036188e-15
1.0945945945945947    3.266134531262926e-08    3.899084452099815e-08    2.5870494340914604e-15
1.1036036036036032    5.1104030660518604e-08    3.0486117855718624e-10    2.611714890089417e-15
1.1126126126126126    3.2322646073352925e-08    -3.84496035942299e-08    2.5231254657366546e-15
1.121621621621622    -9.88283744271785e-09    -4.805658827119002e-08    2.4071061521858642e-15
1.1306306306306304    -4.394643440710759e-08    -2.099054121662261e-08    2.371891917664942e-15
1.1396396396396398    -4.4146827966883834e-08    2.273281624662003e-08    2.465723354040228e-15
1.1486486486486482    -1.0015581043572049e-08    5.038406368216078e-08    2.6388657367683932e-15
1.1576576576576576    3.30944937231238e-08    4.103779815333397e-08    2.7793463920636613e-15
1.166666666666667    5.286259071608713e-08    1.414428553170725e-09    2.7964541053485656e-15
1.1756756756756754    3.4252299093350125e-08    -3.8942125190179446e-08    2.6897091075079224e-15
1.1846846846846848    -9.034036847565905e-09    -4.969438850815402e-08    2.5511460709625286e-15
1.1936936936936933    -4.462012879142413e-08    -2.2523211456306767e-08    2.498250947668785e-15
1.2027027027027026    -4.565065108811019e-08    2.2427403918431084e-08    2.5869703912888337e-15
1.211711711711712    -1.104119588745991e-08    5.1457236590246185e-08    2.7697552041298327e-15
1.2207207207207205    3.347719479728273e-08    4.254172288499782e-08    2.930520757519161e-15
1.2297297297297298    5.4470248117447825e-08    2.0066273046504447e-09    2.971034483116097e-15
1.2387387387387383    3.587707624916109e-08    -3.996546890106228e-08    2.884403304669895e-15
1.2477477477477477    -8.746456543706339e-09    -5.180634663899328e-08    2.760398054150474e-15
1.256756756756757    -4.613445243472013e-08    -2.4282282496397378e-08    2.7180169446863005e-15
1.2657657657657655    -4.812261932737054e-08    2.2350723103977255e-08    2.815341314197679e-15
1.2747747747747749    -1.2857838597810969e-08    5.328262207934871e-08    3.004361829058056e-15
1.2837837837837833    3.355972408267595e-08    4.515689924973403e-08    3.16540063035597e-15
1.2927927927927927    5.641338431380294e-08    3.71734606072586e-09    3.196288591472022e-15
1.301801801801802    3.835583856506362e-08    -4.02339513249776e-08    3.0899411912498882e-15
1.3108108108108105    -7.406402172258266e-09    -5.3730419940824446e-08    2.941812820154577e-15
1.3198198198198199    -4.674542494620405e-08    -2.6371603520798124e-08    2.880596225659368e-15
1.3288288288288284    -5.004021685100419e-08    2.165711443364293e-08    2.9730539080874286e-15
1.3378378378378377    -1.4460692696458272e-08    5.445003555174681e-08    3.173918004847893e-15
1.346846846846847    3.3646663175926915e-08    4.718885860143672e-08    3.3588863189806642e-15
1.3558558558558556    5.824975101562406e-08    4.887791469668346e-09    3.4169239988331583e-15
1.364864864864865    4.058252237778356e-08    -4.1066097774139515e-08    3.33336550893849e-15
1.3738738738738734    -6.590133899416922e-09    -5.6196085196567395e-08    3.2014298562321053e-15
1.3828828828828827    -4.8217377172827225e-08    -2.8771697632327897e-08    3.1527260460727824e-15
1.391891891891892    -5.3014970260587415e-08    2.1151796273885762e-08    3.2579855573429357e-15
1.4009009009009006    -1.6959136745534435e-08    5.64324862404235e-08    3.472237822429324e-15
1.40990990990991    3.341216993653417e-08    5.0496342485143885e-08    3.666253704244785e-15
1.4189189189189193    6.056283514017785e-08    7.353034477446187e-09    3.721924116242873e-15
1.4279279279279278    4.395594362537138e-08    -4.1095804438337654e-08    3.6209901224309195e-15
1.4369369369369371    -4.4006667275187534e-09    -5.8661600782027746e-08    3.4605492739566888e-15
1.4459459459459456    -4.862161487638549e-08    -3.19158903828553e-08    3.3826854921179864e-15
1.454954954954955    -5.5570127111254355e-08    1.9535194361440984e-08    3.4696628459002417e-15
1.4639639639639643    -1.9687458262464577e-08    5.740166745547462e-08    3.682547439505179e-15
1.4729729729729728    3.2573576620977385e-08    5.318446963367242e-08    3.889625704097708e-15
1.4819819819819822    6.222669925399249e-08    9.604897839275306e-09    3.964416162549745e-15
1.4909909909909906    4.68031251962831e-08    -4.111257871678739e-08    3.880776656882989e-15
1.5    -2.6610106001722693e-09    -6.104749309627443e-08    3.733877390753904e-15
1.5090090090090094    -4.9524733275041034e-08    -3.48950325354836e-08    3.670362501616416e-15
1.5180180180180178    -5.867152332516913e-08    1.834113178744793e-08    3.778744764540397e-15
1.5270270270270272    -2.2782216031879654e-08    5.918181531646665e-08    4.0215166314756e-15
1.5360360360360357    3.1889418808625326e-08    5.6951374946946616e-08    4.260394140299605e-15
1.545045045045045    6.475890705309274e-08    1.2787207286898384e-08    4.357228712909211e-15
1.5540540540540544    5.105350142075198e-08    -4.086453788940033e-08    4.2763704642329594e-15
1.5630630630630629    4.6428701802065266e-10    -6.412455771008878e-08    4.1121744639496095e-15
1.5720720720720722    -4.9722141584883075e-08    -3.934300169539446e-08    4.02016314619097e-15
1.5810810810810807    -6.213765569416631e-08    1.551865702404132e-08    4.101916970996585e-15
1.59009009009009    -2.7175781462465038e-08    5.991972460643664e-08    4.3288964950068675e-15
1.5990990990990994    2.958549331962785e-08    6.072193506033716e-08    4.562454812437547e-15
1.608108108108108    6.610164595950897e-08    1.6938072604548798e-08    4.656325902113235e-15
1.6171171171171173    5.5016102390395315e-08    -3.923591717033928e-08    4.5662287184281855e-15
1.6261261261261257    4.1619006055320856e-09    -6.608812492932592e-08    4.3849616733245185e-15
1.635135135135135    -4.894935018101383e-08    -4.335634468940572e-08    4.275811507970078e-15
1.6441441441441444    -6.477950488123069e-08    1.2493702425804348e-08    4.35247685296194e-15
1.653153153153153    -3.117278198837216e-08    6.018635976176039e-08    4.59414023826663e-15
1.6621621621621623    2.7344705884232993e-08    6.412153962413405e-08    4.8593047836645995e-15
1.6711711711711708    6.746840123171239e-08    2.0913533189223555e-08    4.989361035220085e-15
1.6801801801801801    5.914553761667897e-08    -3.778665356839825e-08    4.926025807864131e-15
1.6891891891891895    8.043801628520652e-09    -6.848979539706871e-08    4.755554818171326e-15
1.698198198198198    -4.8321300022061955e-08    -4.807321697065379e-08    4.64598222572968e-15
1.7072072072072073    -6.814921896886164e-08    8.85371906835114e-09    4.722704387407136e-15
1.7162162162162158    -3.634192216817667e-08    6.044284104765075e-08    4.974072340789385e-15
1.7252252252252251    2.4053274806495828e-08    6.840273886785505e-08    5.2574947135407755e-15
1.7342342342342345    6.85927076784264e-08    2.6417005372176446e-08    5.402817719491655e-15
1.743243243243243    6.418131895550262e-08    -3.49043093030881e-08    5.337552510793603e-15
1.7522522522522523    1.3668928155928916e-08    -7.038885102061477e-08    5.1414299449342465e-15
1.7612612612612608    -4.598143852685937e-08    -5.361684148554088e-08    4.9890583798849645e-15
1.7702702702702702    -7.07833911995551e-08    3.402193505923497e-09    5.021863390361002e-15
1.7792792792792795    -4.219679957468653e-08    5.8844846870462903e-08    5.243285897554493e-15
1.788288288288288    1.90084818046472e-08    7.178911200577081e-08    5.514998983094711e-15
1.7972972972972974    6.785999180992902e-08    3.244991011685391e-08    5.657975155035532e-15
1.8063063063063058    6.825972309469851e-08    -3.041940409971961e-08    5.584729942746956e-15
1.8153153153153152    1.9684076043453012e-08    -7.05536933548282e-08    5.36528649569157e-15
1.8243243243243246    -4.225241371478058e-08    -5.824245080327643e-08    5.177449540297053e-15
1.833333333333333    -7.191335170335983e-08    -2.3372552910654766e-09    5.1769929155067406e-15
1.8423423423423424    -4.7274508053901094e-08    5.61068044086979e-08    5.3828526126942414e-15
1.8513513513513509    1.3722770113989645e-08    7.398569324109887e-08    5.662197223967391e-15
1.8603603603603602    6.624141265858048e-08    3.7938622566283505e-08    5.827263833231263e-15
1.8693693693693696    7.15134897394861e-08    -2.5676530269825162e-08    5.773463421416831e-15
1.878378378378378    2.5454529364303372e-08    -7.006632376109507e-08    5.557222790552779e-15
1.8873873873873874    -3.819372571904531e-08    -6.242511404074837e-08    5.355655547302102e-15
1.896396396396396    -7.259578907151944e-08    -8.166679748703081e-09    5.336843249034418e-15
1.9054054054054053    -5.228698720470035e-08    5.293121605316548e-08    5.535642663811381e-15
1.9144144144144146    7.999157855639066e-09    7.591183671429833e-08    5.826593479737724e-15
1.923423423423423    6.405383128085664e-08    4.372354842976696e-08    6.014641989046625e-15
1.9324324324324325    7.464377361783065e-08    -2.0151342868090824e-08    5.977769559297306e-15
1.9414414414414418    3.1850113136231634e-08    -6.886582471372942e-08    5.75693152029286e-15
1.9504504504504503    -3.303441872608165e-08    -6.659962712796189e-08    5.5267831541536505e-15
1.9594594594594597    -7.242806238603393e-08    -1.4903657275204372e-08    5.467943221171976e-15
1.9684684684684681    -5.738557787418122e-08    4.8383744745282006e-08    5.634091303530322e-15
1.9774774774774775    1.1317189323520482e-09    7.687821910107006e-08    5.9115413598939775e-15
1.9864864864864868    6.02761835562387e-08    4.9681962139838716e-08    6.101515666169747e-15
1.9954954954954953    7.673885492088246e-08    -1.3285523313180796e-08    6.065356984273317e-15
2.0045045045045047    3.85027558660587e-08    -6.590856307430863e-08    5.826400895801436e-15
2.013513513513513    -2.6378943744006837e-08    -6.969730381772264e-08    5.553562832509412e-15
2.0225225225225225    -7.039369594036305e-08    -2.197552634075641e-08    5.438196186097565e-15
2.031531531531532    -6.140627451800811e-08    4.223014611151429e-08    5.554115790780817e-15
2.0405405405405403    -6.149643286532412e-09    7.593101863747486e-08    5.8033377038761475e-15
2.0495495495495497    5.4821076110471714e-08    5.4609348628614267e-08    5.9875313435516674e-15
2.058558558558558    7.692931023193004e-08    -5.916750145561109e-09    5.953126705045533e-15
2.0675675675675675    4.421275682942942e-08    -6.123032250739458e-08    5.703920260817809e-15
2.076576576576577    -1.912573157040605e-08    -7.094263198844007e-08    5.398650641550467e-15
2.0855855855855854    -6.662350711221784e-08    -2.822205673355846e-08    5.235176186203933e-15
2.0945945945945947    -6.36681407482669e-08    3.538829451691622e-08    5.305963535157126e-15
2.103603603603603    -1.2749396181129546e-08    7.32674659380384e-08    5.530668667965018e-15
2.1126126126126126    4.85909215425013e-08    5.7914524436061574e-08    5.7151697970046906e-15
2.121621621621622    7.545142758857162e-08    9.417792879412752e-10    5.693804873380662e-15
2.1306306306306304    4.847000261041526e-08    -5.568939138052313e-08    5.450649465386746e-15
2.1396396396396398    -1.219497894349185e-08    -7.058584203321345e-08    5.131078606969972e-15
2.1486486486486482    -6.190995759901167e-08    -3.3202903625455165e-08    4.935275659072687e-15
2.1576576576576576    -6.441431829636051e-08    2.8680978574690107e-08    4.971802933586677e-15
2.166666666666667    -1.8285428673621836e-08    6.959975691466205e-08    5.178483064358158e-15
2.1756756756756754    4.231071224306765e-08    5.981789124586799e-08    5.368376483618165e-15
2.184684684684685    7.292832587738556e-08    6.95636078685412e-09    5.3669316706750254e-15
2.1936936936936933    5.146104824668678e-08    -4.991450285259091e-08    5.13969708166913e-15
2.2027027027027026    -5.880284412298875e-09    -6.915601449270505e-08    4.817132085284756e-15
2.211711711711712    -5.6788873195577296e-08    -3.7063009815776795e-08    4.598642815427725e-15
2.2207207207207205    -6.40787304232359e-08    2.2369078005800106e-08    4.606459343483307e-15
2.22972972972973    -2.2857060477190417e-08    6.537618249004707e-08    4.7964904506298785e-15
2.2387387387387383    3.6214113015156624e-08    6.066109030842884e-08    4.991229858881895e-15
2.2477477477477477    6.972672835538295e-08    1.2180858418316022e-08    5.0101899589524245e-15
2.256756756756757    5.3440473375895596e-08    -4.4114824029438516e-08    4.802001893788132e-15
2.2657657657657655    -1.704365130219808e-10    -6.69434670509151e-08    4.4814568294019265e-15
2.274774774774775    -5.144603633372956e-08    -3.9975760167459515e-08    4.244756055417665e-15
2.2837837837837833    -6.288039395131645e-08    1.6480301761738476e-08    4.225544289630715e-15
2.2927927927927927    -2.6563432911281048e-08    6.076009700546e-08    4.397405356145039e-15
2.301801801801802    3.03626958822351e-08    6.05979504459134e-08    4.5940048994824725e-15
2.3108108108108105    6.598773221851047e-08    1.6648977677710944e-08    4.631569261054762e-15
2.31981981981982    5.4503045772468914e-08    -3.8378695182498464e-08    4.4435062423869726e-15
2.3288288288288284    4.912185240363161e-09    -6.406551895048606e-08    4.12852028223073e-15
2.3378378378378377    -4.598885015473692e-08    -4.1981750147652876e-08    3.8774416840147986e-15
2.346846846846847    -6.091094326181626e-08    1.1084786440782323e-08    3.8330154994819504e-15
2.3558558558558556    -2.939566622034792e-08    5.5871358020872857e-08    3.985713839634657e-15
2.364864864864865    2.4866236797380946e-08    5.969376574443976e-08    4.181675401215472e-15
2.3738738738738734    6.18374111244445e-08    2.030831217705298e-08    4.23629295805421e-15
2.3828828828828827    5.468749807686231e-08    -3.284636041865104e-08    4.069605838658744e-15
2.391891891891892    9.277837302582794e-09    -6.064736872563221e-08    3.764181598355989e-15
2.4009009009009006    -4.0578982681976186e-08    -4.309202941939763e-08    3.503576834986354e-15
2.40990990990991    -5.828799788185473e-08    6.304703848722462e-09    3.4372399876951975e-15
2.4189189189189193    -3.133628227661042e-08    5.088581867472636e-08    3.571329129116539e-15
2.4279279279279278    1.9874649465644175e-08    5.8054005984092166e-08    3.7652693021832395e-15
2.436936936936937    5.745939832718013e-08    2.3114005988255984e-08    3.8358397289466834e-15
2.4459459459459456    5.408372261247393e-08    -2.7689348084424398e-08    3.691749048963441e-15
2.454954954954955    1.2856366127715013e-08    -5.687320110179702e-08    3.3998471535753033e-15
2.4639639639639643    -3.540315313148085e-08    -4.337691769140201e-08    3.134940240057747e-15
2.472972972972973    -5.518941601734445e-08    2.234319714695407e-09    3.0508638249229927e-15
2.481981981981982    -3.2432596807733133e-08    4.600059588747488e-08    3.1679281576957528e-15
2.4909909909909906    1.5504951773390857e-08    5.584563169235593e-08    3.3591381086134456e-15
2.5    5.305699265353632e-08    2.5089449271303953e-08    3.4445249341747416e-15
2.5090090090090094    5.28444490253812e-08    -2.304395228450678e-08    3.323559529686737e-15
2.518018018018018    1.564767755342903e-08    -5.2946892076327856e-08    3.048223193358396e-15
2.527027027027027    -3.061255348538456e-08    -4.297072991709396e-08    2.783612060503364e-15
2.5360360360360357    -5.181385114233259e-08    -1.1023806948135551e-09    2.6858904133960977e-15
2.545045045045045    -3.279661239807484e-08    4.137879998511012e-08    2.7878228729973053e-15
2.5540540540540544    1.180522244548023e-08    5.325842412946326e-08    2.9758230177410642e-15
2.563063063063063    4.880263403847102e-08    2.6323038409341634e-08    3.074599440192605e-15
2.5720720720720722    5.1148025867474864e-08    -1.8980063245851408e-08    2.9763633509563975e-15
2.5810810810810807    1.7716725007653926e-08    -4.9045693397467616e-08    2.7193623858352282e-15
2.59009009009009    -2.6295328769604547e-08    -4.20364967024712e-08    2.458511370118465e-15
2.5990990990990994    -4.8338154557836095e-08    -3.7459494338381114e-09    2.350609323218123e-15
2.608108108108108    -3.2571993975628705e-08    3.7124722041411805e-08    2.43917977820048e-15
2.6171171171171173    8.760325769726035e-09    5.046570018443629e-08    2.623530202697139e-15
2.6261261261261257    4.481510287160565e-08    2.6937617444260065e-08    2.7340286789659014e-15
2.635135135135135    4.916218573725093e-08    -1.5506298213815106e-08    2.6573657907597243e-15
2.6441441441441444    1.9165604851341828e-08    -4.529892061021883e-08    2.419312617768686e-15
2.653153153153153    -2.2480672579245826e-08    -4.073254888490248e-08    2.1645211782762254e-15
2.6621621621621623    -4.4897113076847006e-08    -5.776337473178545e-09    2.0491168372392328e-15
2.6711711711711708    -3.1903222404668656e-08    3.32865955201827e-08    2.125813041125999e-15
2.68018018018018    6.314298648382905e-09    4.760481461081459e-08    2.3060887415509966e-15
2.6891891891891895    4.116083928493726e-08    2.7062040004426072e-08    2.4265686998415917e-15
2.698198198198198    4.7025186536575135e-08    -1.2589689165499598e-08    2.369868442083585e-15
2.7072072072072073    2.0107479228735702e-08    -4.1787799444528915e-08    2.1505309033502087e-15
2.716216216216216    -1.9155805413784793e-08    -3.919425331776101e-08    1.9031343741876064e-15
2.725225225225225    -4.158179571948411e-08    -7.289121306502305e-09    1.782177024677813e-15
2.7342342342342345    -3.091787832164228e-08    2.987091626580386e-08    1.848186838470543e-15
2.743243243243243    4.391925091463078e-09    4.477403742954982e-08    2.0240034337517514e-15
2.7522522522522523    3.786575944725437e-08    2.6813994045293263e-08    2.1528060151783562e-15
2.761261261261261    4.484139431893165e-08    -1.0175134864596746e-08    2.114284013978648e-15
2.77027027027027    2.065003448205152e-08    -3.8554945936730324e-08    1.9129077802941147e-15
2.7792792792792795    -1.628330790175239e-08    -3.752849462213812e-08    1.6735340248271216e-15
2.788288288288288    -3.8446787250189136e-08    -8.379744299612478e-09    1.5483755643881935e-15
2.7972972972972974    -2.972014060829547e-08    2.685764575881924e-08    1.6046198934830746e-15
2.806306306306306    2.9136659873757758e-09    4.2037658536148297e-08    1.7756541846877921e-15
2.815315315315315    3.492842935932917e-08    2.6292642285705997e-08    1.911298215873743e-15
2.8243243243243246    4.2684481130504985e-08    -8.199473344559996e-09    1.8891962925085862e-15
2.833333333333333    2.088752925567797e-08    -3.561563708383121e-08    1.704762483293976e-15
2.8423423423423424    -1.3814191353391377e-08    -3.5815219044286595e-08    1.4735617979383423e-15
2.851351351351351    -3.551958627240446e-08    -9.135219424439295e-09    1.3450932428954366e-15
2.8603603603603602    -2.8390815259280666e-08    2.421213833449096e-08    1.3922660338151307e-15
2.8693693693693696    1.8041726059208924e-09    3.9433529603485756e-08    1.5582582957809428e-15
2.878378378378378    3.233085056344931e-08    2.5577271073324967e-08    1.6994806937144368e-15
2.8873873873873874    4.060327479467666e-08    -6.600104998904027e-09    1.6921873100485829e-15
2.896396396396396    2.0898311500631782e-08    -3.2967491197317054e-08    1.523594899422616e-15
2.9054054054054053    -1.1696406064772209e-08    -3.4111798451597253e-08    1.300420708434433e-15
2.9144144144144146    -3.2809096517601714e-08    -9.630810264478252e-09    1.1691893206516846e-15
2.923423423423423    -2.6990293558807696e-08    2.1893294731051254e-08    1.2077923005712929e-15
2.9324324324324325    9.962934095930182e-10    3.698027177598489e-08    1.3685331011837032e-15
2.941441441441442    3.004617440076115e-08    2.4728878161708532e-08    1.51429001125758e-15
2.9504504504504503    3.8627757651781886e-08    -5.3196041548566696e-09    1.5204018495691623e-15
2.9594594594594597    2.0745252291205443e-08    -3.059774630011253e-08    1.3665875712718146e-15
2.968468468468468    -9.879829160538178e-09    -3.2457965837154774e-08    1.151130570527327e-15
2.9774774774774775    -3.0312323098978785e-08    -9.929578620327007e-09    1.0174334632341378e-15
2.986486486486487    -2.556241776493516e-08    1.9858626055087568e-08    1.0478022307848756e-15
2.9954954954954953    4.323210761364318e-10    3.468317947713154e-08    1.2031098401557903e-15
3.0045045045045047    2.8043753797153983e-08    2.3792900864605772e-08    1.3525542585883465e-15
3.013513513513513    3.6774182668038945e-08    -4.307757751084784e-09    1.370897287744327e-15
3.0225225225225225    2.047744826539597e-08    -2.848831519925532e-08    1.23090999035409e-15
3.031531531531532    -8.318889444460534e-09    -3.088028065791435e-08    1.022795655100716e-15
3.0405405405405403    -2.8019277998354675e-08    -1.008333210481784e-08    8.867535258851326e-16
3.0495495495495497    -2.4138256282137953e-08    1.8067159648148572e-08    9.090776740938603e-16
3.058558558558558    6.372802241181479e-11    3.2538705976272526e-08    1.058771447871154e-15
3.0675675675675675    2.6292217325205473e-08    2.2802119999352483e-08    1.2112173683407053e-15
3.076576576576577    3.50490805750519e-08    -3.5220676231366707e-09    1.2408430094984281e-15
3.0855855855855854    2.0132316549002902e-08    -2.661910469277225e-08    1.1138869042740257e-15
3.0945945945945947    -6.9737268938540835e-09    -2.9395804203900853e-08    9.127461715841388e-16
3.103603603603603    -2.5916419831592817e-08    -1.0134147347804012e-08    7.743617593543806e-16
3.1126126126126126    -2.2739392448085983e-08    1.6480922768835665e-08    7.887007842203956e-16
3.121621621621622    -1.4983365678510957e-10    3.053770493855307e-08    9.32573873038834e-16
3.1306306306306304    2.47611787279464e-08    2.1779320392028837e-08    1.0874547687359485e-15
3.1396396396396398    3.345222015746725e-08    -2.9274459966759456e-09    1.127620973527112e-15
3.1486486486486482    1.9737605564649693e-08    -2.4970093265750788e-08    1.0130786311259833e-15
3.1576576576576576    -5.810519491602577e-09    -2.80149617028261e-08    8.186002159731066e-16
3.166666666666667    -2.3989028041148963e-08    -1.0116009527557083e-08    6.77807115120657e-16
3.1756756756756754    -2.1380678040500094e-08    1.5065560149845233e-08    6.841044961001277e-16
3.184684684684685    -2.418668770989702e-10    2.8667729296698296e-08    8.218972026150114e-16
3.1936936936936933    2.3422005938226484e-08    2.0739591719557153e-08    9.787210268642403e-16
3.2027027027027026    3.197868414602945e-08    -2.4954603249505152e-09    1.0288635619449173e-15
3.211711711711712    1.9313134720065622e-08    -2.3522490138540535e-08    9.263047150331409e-16
3.2207207207207205    -4.80136989841011e-09    -2.674364881868669e-08    7.382759050386007e-16
3.22972972972973    -2.2222788719621753e-08    -1.0056309192575186e-08    5.9498169305362e-16
3.2387387387387383    -2.0072426805844762e-08    1.3790473316146352e-08    5.930794721593399e-16
3.2477477477477477    -2.4041409192578206e-10    2.6914630594955222e-08    7.244551389984962e-16
3.256756756756757    2.2248018110541602e-08    1.9692231940459645e-08    8.827583086438462e-16
3.2657657657657655    3.062025737927725e-08    -2.2033989485469474e-09    9.424551288996408e-16
3.274774774774775    1.887219601936249e-08    -2.225928788569874e-08    8.516356797716561e-16
3.2837837837837833    -3.923993754849272e-09    -2.5584710945623384e-08    6.699751611591971e-16
3.2927927927927927    -2.0604859636196705e-08    -9.977082666642761e-09    5.241024191643916e-16
3.301801801801802    -1.8822177861460014e-08    1.2628735497236257e-08    5.137593397075906e-16
3.3108108108108105    -1.6938833137141358e-10    2.526370468676849e-08    6.38283466907053e-16
3.31981981981982    2.1214304769022124e-08    1.8642349252061968e-08    7.975839124688103e-16
3.3288288288288284    2.9366280098160752e-08    -2.033249782283921e-09    8.665125114807898e-16
3.3378378378378377    1.8422629966935953e-08    -2.116534663908822e-08    7.873651932514096e-16
3.346846846846847    -3.1613541823015246e-09    -2.4538865170508436e-08    6.121500641223474e-16
3.3558558558558556    -1.9124567585853814e-08    -9.895930584913743e-09    4.636785274873216e-16
3.364864864864865    -1.763604256547333e-08    1.1556980394984634e-08    4.445937932212464e-16
3.3738738738738734    -4.975285437946141e-11    2.3700573381596563e-08    5.617196539629624e-16
3.3828828828828827    2.029738958856449e-08    1.7592227216990428e-08    7.214704825641851e-16
3.391891891891892    2.8204200159097358e-08    -1.9706310502651984e-09    7.993602933506967e-16
3.4009009009009006    1.7967650890379954e-08    -2.0227176846864784e-08    7.319751617129144e-16
3.40990990990991    -2.5012761604608762e-09    -2.360521601893767e-08    5.6346260573160145e-16
3.4189189189189184    -1.7773859329630934e-08    -9.82664298088566e-09    4.12472987743298e-16
3.4279279279279278    -1.651977140456392e-08    1.0555329812358457e-08    3.843178347067111e-16
3.436936936936937    9.943660541853512e-11    2.221191922088823e-08    4.933792431137612e-16
3.4459459459459456    1.9474781400356317e-08    1.654256353860949e-08    6.529235190205964e-16
3.454954954954955    2.7119827685254252e-08    -2.003685923801291e-09    7.394998109591225e-16
3.4639639639639643    1.7506470458305813e-08    -1.9432404455051465e-08    6.840948508122382e-16
3.472972972972973    -1.936064033982939e-09    -2.2781312263491652e-08    5.227365323903975e-16
3.481981981981982    -1.6547506577201505e-08    -9.779426238325661e-09    3.694571514733795e-16
3.4909909909909906    -1.5479461007168483e-08    9.607527434305338e-09    3.319182964733792e-16
3.5    2.6027970795357554e-10    2.0786237280099175e-08    4.3213540579095715e-16
3.5090090090090094    1.872465293831101e-08    1.5493652807920418e-08    5.906659049925793e-16
3.5180180180180187    2.609761059928809e-08    -2.1219203734829745e-09    6.855878250634761e-16
3.5270270270270263    1.7034899137719088e-08    -1.8769054765563417e-08    6.424652054249813e-16
3.5360360360360357    -1.462018682601162e-09    -2.206293667082373e-08    4.889106731690533e-16
3.545045045045045    -1.5443080868393507e-08    -9.760888977117977e-09    3.3376370033136477e-16
3.5540540540540544    -1.4521953185101942e-08    8.701195376698407e-09    2.8659792529377017e-16
3.5630630630630638    4.1554192838526885e-10    1.941458621996854e-08    3.770988331868385e-16
3.5720720720720713    1.8025659723826538e-08    1.4446540220413437e-08    5.336269328192054e-16
3.5810810810810807    2.512094054685999e-08    -2.315008899604803e-09    6.364209201641237e-16
3.59009009009009    1.654598673234756e-08    -1.8224654440829994e-08    6.059077064346859e-16
3.5990990990990994    -1.0788109774736992e-09    -2.1443603488473845e-08    4.609919636960054e-16
3.608108108108109    -1.44606259717495e-08    -9.773741136365431e-09    3.04635719295518e-16
3.6171171171171164    -1.365483927571554e-08    7.828272047862956e-09    2.4773647890097615e-16
3.6261261261261257    5.485693357009068e-10    1.8091386488439246e-08    3.2759919339015344e-16
3.635135135135135    1.735708823573755e-08    1.3404147610120898e-08    4.809396851770887e-16
3.6441441441441444    2.4172701957118952e-08    -2.571601195481532e-09    5.909326526163046e-16
3.653153153153154    1.6030890688388574e-08    -1.7785270204884406e-08    5.733052925238125e-16
3.6621621621621614    -7.885669562759636e-10    -2.0913938859295428e-08    4.3801467645487767e-16
3.6711711711711708    -1.360194789766961e-08    -9.816379344690127e-09    2.813742900497777e-16
3.68018018018018    -1.2885994489188508e-08    6.98548668279801e-09    2.1484587817094494e-16
3.6891891891891895    6.436653534362748e-10    1.681516616692632e-08    2.831641183085578e-16
3.698198198198199    1.6699417724876433e-08    1.2372265536578835e-08    4.3194350685753357e-16
3.7072072072072064    2.3236177520680322e-08    -2.8782766866524593e-09    5.482044224574965e-16
3.716216216216216    1.5480068624984434e-08    -1.7434645153539012e-08    5.435993762640487e-16
3.725225225225225    -5.945940605423622e-10    -2.046111644173485e-08    4.190108281390645e-16
3.7342342342342345    -1.2869463182632147e-08    -9.882539836986094e-09    2.632876762387415e-16
3.743243243243244    -1.2222623246817225e-08    6.174695980433832e-09    1.8751938948442258e-16
3.7522522522522515    6.869823103230196e-10    1.5589050720257742e-08    2.434904470534652e-16
3.761261261261261    1.6035338149879482e-08    1.1360233184085088e-08    3.8618696757776835e-16
3.77027027027027    2.2296335605412604e-08    -3.218830233303125e-09    5.074874495000161e-16
3.7792792792792795    1.4884825703634094e-08    -1.7153653872364203e-08    5.158058774004416e-16
3.788288288288289    -4.997388914622927e-10    -2.0068592597620792e-08    4.0299814780892003e-16
3.7972972972972965    -1.2264641697116578e-08    -9.961265554387388e-09    2.496482474036753e-16
3.806306306306306    -1.1669852229098884e-08    5.402847112255854e-09    1.653762079674156e-16
3.815315315315315    6.678473014114056e-10    1.4420804163375181e-08    2.0840561273642146e-16
3.8243243243243246    1.5351166212067956e-08    1.038107561295408e-08    3.434250349524068e-16
3.833333333333334    2.1341456739007122e-08    -3.5741465600406817e-09    4.682322993755631e-16
3.8423423423423415    1.4239134327862384e-08    -1.6920349574023952e-08    4.8905117611408145e-16
3.851351351351351    -5.044899603319466e-10    -1.9716425390454117e-08    3.8899194029741953e-16
3.8603603603603602    -1.1786190474636945e-08    -1.00374697894773e-08    2.396650856790921e-16
3.8693693693693696    -1.1229068839652236e-08    4.681287622099992e-09    1.480064408064754e-16
3.878378378378379    5.803214432524438e-10    1.3322145530632543e-08    1.7781633451685123e-16
3.8873873873873865    1.4638420865752554e-08    9.450856942948184e-09    3.0360206239897164e-16
3.896396396396396    2.0364829739003926e-08    -3.922882626502143e-09    4.301152983999311e-16
3.9054054054054053    1.3541459444796252e-08    -1.6710814980208083e-08    4.626224611978085e-16
3.9144144144144146    -6.051336255864189e-10    -1.938238417728709e-08    3.7604300310076436e-16
3.923423423423424    -1.1428311451730626e-08    -1.0093294516701772e-08    2.3248089683863945e-16
3.9324324324324316    -1.0896357440833002e-08    4.024264598138448e-09    1.3492531103422713e-16
3.941441441441441    4.2460957084621413e-10    1.2307208627950563e-08    1.5164767749955497e-16
3.9504504504504503    1.3895183383629924e-08    8.587149552902833e-09    2.6681525870862447e-16
3.9594594594594597    1.9366130150771664e-08    -4.243049713135246e-09    3.930504678847644e-16
3.968468468468469    1.279616124336657e-08    -1.6500892794084112e-08    4.3602120556809366e-16
3.9774774774774766    -7.923847241233731e-10    -1.9043905968069725e-08    3.6329822807170577e-16
3.986486486486486    -1.1179489661523609e-08    -1.011028140184077e-08    2.271987791165206e-16
3.9954954954954953    -1.0661513721267851e-08    3.4466239232031745e-09    1.255470912967791e-16
4.004504504504505    2.0783670856956758e-10    1.1390208894829238e-08    1.2978005476527614e-16
4.013513513513514    1.3126719140421437e-08    7.806714395857053e-09    2.3325554504998827e-16
4.022522522522522    1.8351994417360277e-08    -4.514343824174338e-09    3.571749992576838e-16
4.031531531531531    1.2014032907044437e-08    -1.626861081076842e-08    4.090046844037977e-16
4.04054054054054    -1.0509813661479414e-09    -1.8680663645230443e-08    3.5007175605822453e-16
4.04954954954955    -1.1022291608358731e-08    -1.0072074731572238e-08    2.229376016980713e-16
4.058558558558559    -1.0508098227732928e-08    2.9610342661597245e-09    1.1918785228905594e-16
4.067567567567567    -5.6261120720128056e-11    1.0582694105539367e-08    1.1199657984512234e-16
4.076576576576576    1.2344995952675678e-08    7.122821562908358e-09    2.0313351208861113e-16
4.085585585585585    1.7335393760192018e-08    -4.7207685991196e-09    3.22801532987338e-16
4.094594594594595    1.1211551905860903e-08    -1.599679756309458e-08    3.8159642841244186e-16
4.103603603603604    -1.3605617778429842e-09    -1.82772231752151e-08    3.3590801534794715e-16
4.112612612612612    -1.0934454935118396e-08    -9.967114604547706e-09    2.1890567826832324e-16
4.121621621621621    -1.0414792657513857e-08    2.575332818482253e-09    1.151002452249563e-16
4.13063063063063    -3.489409898522978e-10    9.890996379995808e-09    9.795356920348928e-17
4.13963963963964    1.1566877198488317e-08    6.542872215744336e-09    1.766018249564681e-16
4.148648648648649    1.6333711763500652e-08    -4.852858144382124e-09    2.9034037214261547e-16
4.157657657657657    1.0408861616304811e-08    -1.5675184149723495e-08    3.540557982751263e-16
4.166666666666666    -1.6978035850875225e-09    -1.7825074466387858e-08    3.2061581674580843e-16
4.175675675675675    -1.0891188725661161e-08    -9.790584649931915e-09    2.1447353964545124e-16
4.184684684684685    -1.0357893819983231e-08    2.2907029871847055e-09    1.1253328456154374e-16
4.193693693693694    -6.491316536269561e-10    9.314611857145754e-09    8.718336595302074e-17
4.202702702702702    1.0811319984678811e-08    6.067002382701881e-09    1.5369315772282576e-16
4.211711711711711    1.5365873990164475e-08    -4.908831303534908e-09    2.602067082481773e-16
4.2207207207207205    9.626887777429108e-09    -1.5301375284399626e-08    3.268090538732497e-16
4.22972972972973    -2.0393544565352196e-09    -1.7323427074268358e-08    3.0426009219688406e-16
4.238738738738739    -1.0868181030550394e-08    -9.54505551982567e-09    2.092254437893699e-16
4.2477477477477485    -1.0314407502090535e-08    2.101220633825967e-09    1.1080213027119752e-16
4.256756756756756    -9.365988628546395e-10    8.845975938485555e-09    7.9128507734166e-17
4.2657657657657655    1.0096184565071729e-08    5.688143591836901e-09    1.342879202933478e-16
4.274774774774775    1.4449197630884965e-08    -4.894274688766808e-09    2.327332369054751e-16
4.283783783783784    8.884248878060704e-09    -1.4880293073578972e-08    3.003530000829252e-16
4.292792792792794    -2.364822656557452e-09    -1.6778484823415123e-08    2.8710993916653907e-16
4.301801801801801    -1.0844515942902581e-08    -9.239589443059754e-09    2.0297353911216952e-16
4.3108108108108105    -1.0264921642535559e-08    1.994928747136503e-09    1.0934835703354653e-16
4.31981981981982    -1.1947554802740878e-09    8.471756915765571e-09    7.319810589746675e-17
4.328828828828829    9.435530648036565e-09    5.393527589552325e-09    1.1811937846929945e-16
4.337837837837839    1.359684217922676e-08    -4.8204292318382635e-09    2.0811065522596075e-16
4.346846846846846    8.194896201719672e-09    -1.4422308250902977e-08    2.751592990410236e-16
4.3558558558558556    -2.65897168279491e-09    -1.620145330382976e-08    2.695572195660815e-16
4.364864864864865    -1.0804717767811146e-08    -8.887652915221219e-09    1.9573230038349409e-16
4.373873873873874    -1.0195509331446427e-08    1.9560289681641852e-09    1.0777445985190862e-16
4.382882882882884    -1.4124278500684444e-09    8.175162419503034e-09    6.882823301690366e-17
4.391891891891891    8.838021686255367e-09    5.167130296205605e-09    1.0480986282468599e-16
4.400900900900901    1.2816420168610453e-08    -4.701635586802842e-09    1.8636600312945572e-16
4.40990990990991    7.566958142791409e-09    -1.3940612265617589e-08    2.5159952587504477e-16
4.418918918918919    -2.9126386466432584e-09    -1.5605887787055757e-08    2.5202719750809587e-16
4.427927927927929    -1.0739466595498013e-08    -8.504477902634079e-09    1.87662287152209e-16
4.436936936936936    -1.009827483467546e-08    1.9675011329042518e-09    1.0584621534461919e-16
4.445945945945946    -1.584236511260212e-09    7.938551671246201e-09    6.553040796065577e-17
4.454954954954955    8.306714721340672e-09    4.992280483053379e-09    9.392437388321352e-17
4.463963963963964    1.2109976054991913e-08    -4.552734637237916e-09    1.6737891272958334e-16
4.472972972972974    7.0029165149064834e-09    -1.3448665756007388e-08    2.2990745033155576e-16
4.481981981981981    -3.1223770069730374e-09    -1.500522111716181e-08    2.3490589894859263e-16
4.490990990990991    -1.0645084285645542e-08    -8.104680590147984e-09    1.7900366691681912e-16
4.5    -9.970706431079721e-09    2.013392205766651e-09    1.0346873490901641e-16
