#k, cR, cI
-4.5    -1.1294768184363839e-10    2.8677712094532994e-11    1.3579590004828684e-20
-4.490990990990991    -1.1306667163750572e-10    2.8738820013623984e-11    1.3609992010959015e-20
-4.481981981981982    -1.1318531656380944e-10    2.879939307780482e-11    1.364032092729967e-20
-4.472972972972973    -1.1330581953815734e-10    2.8860831835247568e-11    1.3671156355435918e-20
-4.463963963963964    -1.1342513928135197e-10    2.8921216392648506e-11    1.3701698978624496e-20
-4.454954954954955    -1.1354542729654906e-10    2.898221954654447e-11    1.3732533109800012e-20
-4.445945945945946    -1.1366565978495227e-10    2.9042946595428637e-11    1.3763374961293436e-20
-4.436936936936937    -1.1378629697040517e-10    2.910466256111921e-11    1.379440276103385e-20
-4.427927927927928    -1.139077903872811e-10    2.916544139301579e-11    1.382560768256221e-20
-4.418918918918919    -1.1402890590634679e-10    2.92268491127821e-11    1.3856800091259822e-20
-4.40990990990991    -1.1415071447575153e-10    2.9288409996401257e-11    1.3888196575441848e-20
-4.400900900900901    -1.14272669141143e-10    2.9349687385493993e-11    1.391964706226736e-20
-4.391891891891892    -1.1439498196387189e-10    2.941185711575544e-11    1.395126923751219e-20
-4.382882882882883    -1.14517320546484e-10    2.94731828581412e-11    1.3982885212935597e-20
-4.373873873873874    -1.146402041550148e-10    2.953490798405376e-11    1.4014687198329994e-20
-4.364864864864865    -1.1476328542482947e-10    2.9596965249320314e-11    1.404659203347035e-20
-4.3558558558558556    -1.1488669732286365e-10    2.9659120669805184e-11    1.407861666066135e-20
-4.346846846846847    -1.1501014650592313e-10    2.972109888365352e-11    1.4110677518165814e-20
-4.337837837837838    -1.1513424639571447e-10    2.978315000061991e-11    1.4142930717068514e-20
-4.328828828828829    -1.1525839527103303e-10    2.984545078559402e-11    1.4175248613049004e-20
-4.31981981981982    -1.1538306283005833e-10    2.990761965471968e-11    1.420771690145656e-20
-4.3108108108108105    -1.1550828899431135e-10    2.997040397019096e-11    1.4240389940529785e-20
-4.301801801801802    -1.1563326993790594e-10    3.003264618101149e-11    1.4273012953166444e-20
-4.292792792792793    -1.157590243208026e-10    3.0095232470347316e-11    1.4305874729148415e-20
-4.283783783783784    -1.1588484662294687e-10    3.0157642829296474e-11    1.4338781097843338e-20
-4.274774774774775    -1.1601132431174392e-10    3.022035276079309e-11    1.43718970895514e-20
-4.2657657657657655    -1.1613793277381343e-10    3.028337461130678e-11    1.4405102206823547e-20
-4.256756756756757    -1.16264691657644e-10    3.034676960531289e-11    1.4438404951724974e-20
-4.247747747747748    -1.1639189565192968e-10    3.040958562221288e-11    1.4471816271164383e-20
-4.238738738738739    -1.165193308152696e-10    3.047258123754582e-11    1.4505332660917063e-20
-4.22972972972973    -1.16647323791245e-10    3.053600178763855e-11    1.4539045552834217e-20
-4.2207207207207205    -1.1677544767372082e-10    3.05992965396729e-11    1.4572822128120746e-20
-4.211711711711712    -1.1690397698785515e-10    3.066251910277083e-11    1.460672991330475e-20
-4.202702702702703    -1.1703280601808453e-10    3.07261836711362e-11    1.4640776047459e-20
-4.193693693693694    -1.1716179852984677e-10    3.078985607852611e-11    1.4674902272084756e-20
-4.184684684684685    -1.1729126136953535e-10    3.085344435716996e-11    1.4709175022357638e-20
-4.175675675675675    -1.174211373009239e-10    3.091735389509318e-11    1.4743606256916858e-20
-4.166666666666667    -1.1755079876856016e-10    3.098132685002594e-11    1.4778032904514666e-20
-4.157657657657658    -1.1768120452675787e-10    3.1045517972672424e-11    1.4812690085060145e-20
-4.148648648648648    -1.1781234621987112e-10    3.1109345232511293e-11    1.4847540282626354e-20
-4.13963963963964    -1.179434350677388e-10    3.117339718569995e-11    1.4882434567675326e-20
-4.13063063063063    -1.1807490772263019e-10    3.123793595612686e-11    1.4917492476506716e-20
-4.121621621621622    -1.1820675357071952e-10    3.1302354358824125e-11    1.495267397813421e-20
-4.112612612612613    -1.1833884513188415e-10    3.1365736307734353e-11    1.4987891681274388e-20
-4.103603603603603    -1.184714146691193e-10    3.143108724541942e-11    1.5023389339131585e-20
-4.094594594594595    -1.1860496065707134e-10    3.1495746482259766e-11    1.5059118738940218e-20
-4.085585585585585    -1.1873734937744418e-10    3.1560555100371804e-11    1.5094626775424846e-20
-4.076576576576577    -1.188709157597025e-10    3.162533840691822e-11    1.5130456642902382e-20
-4.0675675675675675    -1.1900474025280692e-10    3.169013902723162e-11    1.516639311420331e-20
-4.058558558558558    -1.191389328015995e-10    3.17555790951974e-11    1.520250211277538e-20
-4.04954954954955    -1.1927354328682366e-10    3.182054185049321e-11    1.5238725011852787e-20
-4.04054054054054    -1.19408479548147e-10    3.188552370054301e-11    1.5275071609658135e-20
-4.031531531531532    -1.1954337317229028e-10    3.195090578447038e-11    1.5311478449857555e-20
-4.0225225225225225    -1.1967943802695186e-10    3.201651016376014e-11    1.534822480951317e-20
-4.013513513513513    -1.198151286450286e-10    3.208196249034908e-11    1.538491736945692e-20
-4.004504504504505    -1.1995157890446847e-10    3.2147651683455856e-11    1.542185279043573e-20
-3.9954954954954953    -1.2008835317038708e-10    3.221299996290386e-11    1.545888993378566e-20
-3.9864864864864864    -1.2022514338693092e-10    3.227870565421078e-11    1.5495999941119278e-20
-3.9774774774774775    -1.203628276104282e-10    3.23448033739524e-11    1.5533396575677296e-20
-3.9684684684684686    -1.205002368987184e-10    3.241062117356161e-11    1.5570755457503378e-20
-3.9594594594594597    -1.20638409533278e-10    3.2477023150103116e-11    1.5608382887411236e-20
-3.9504504504504503    -1.2077718291603316e-10    3.2543109252420965e-11    1.5646181872947937e-20
-3.9414414414414414    -1.209157523964856e-10    3.260977479283067e-11    1.5684016589647345e-20
-3.9324324324324325    -1.2105511654054355e-10    3.26756501758296e-11    1.5722039355057774e-20
-3.9234234234234235    -1.2119463609410315e-10    3.274221801948702e-11    1.576019265881771e-20
-3.9144144144144146    -1.2133464996728634e-10    3.2808846142072465e-11    1.5798517667858084e-20
-3.9054054054054053    -1.214743908726206e-10    3.2875094379605105e-11    1.5836799468342155e-20
-3.8963963963963963    -1.2161514801210238e-10    3.294227695865563e-11    1.5875437837226343e-20
-3.8873873873873874    -1.2175619673016512e-10    3.300944350250131e-11    1.59141948025395e-20
-3.8783783783783785    -1.2189817509844217e-10    3.3075963930658425e-11    1.5953184482272684e-20
-3.8693693693693696    -1.220399452463361e-10    3.3143255419125056e-11    1.5992223615506077e-20
-3.8603603603603602    -1.2218197728475887e-10    3.321020435023851e-11    1.6031353246197933e-20
-3.8513513513513513    -1.2232463098336973e-10    3.3277678515642684e-11    1.6070719232608044e-20
-3.8423423423423424    -1.2246777602477434e-10    3.3345229191759884e-11    1.611026047430529e-20
-3.8333333333333335    -1.2261090705784545e-10    3.341233407131851e-11    1.614981859764101e-20
-3.8243243243243246    -1.2275454419866314e-10    3.3479932900330427e-11    1.618958402843217e-20
-3.815315315315315    -1.228987573635736e-10    3.354730366159148e-11    1.6229526144473567e-20
-3.8063063063063063    -1.2304323987584263e-10    3.36152448792578e-11    1.6269623567436617e-20
-3.7972972972972974    -1.2318823665916584e-10    3.36831879515592e-11    1.630989880177471e-20
-3.7882882882882885    -1.2333351772605697e-10    3.375084239014587e-11    1.6350275956728074e-20
-3.7792792792792795    -1.2347910537038722e-10    3.3818987972853926e-11    1.639081341057923e-20
-3.77027027027027    -1.2362531202219305e-10    3.388699698238539e-11    1.6431546337068787e-20
-3.7612612612612613    -1.2377182807182492e-10    3.395543642041719e-11    1.6472437086742383e-20
-3.7522522522522523    -1.2391866651583344e-10    3.402369499851919e-11    1.65134477324146e-20
-3.743243243243243    -1.2406592648258992e-10    3.409213023889014e-11    1.6554627458208855e-20
-3.7342342342342345    -1.2421370454241968e-10    3.416067013507513e-11    1.6595995780228947e-20
-3.725225225225225    -1.2436173566660797e-10    3.422944137909092e-11    1.6637495955135896e-20
-3.7162162162162162    -1.2451028824079044e-10    3.429821218876787e-11    1.6679179237150466e-20
-3.7072072072072073    -1.2465930419354933e-10    3.436706567806604e-11    1.6721037325340368e-20
-3.698198198198198    -1.24808360753548e-10    3.4435980856370245e-11    1.676296369152808e-20
-3.689189189189189    -1.249579665043904e-10    3.450512459334104e-11    1.680509701611434e-20
-3.68018018018018    -1.251082128396408e-10    3.457423638119661e-11    1.6847442741271722e-20
-3.671171171171171    -1.252583477734828e-10    3.464357541397057e-11    1.6889831004406232e-20
-3.6621621621621623    -1.2540943438804276e-10    3.4712788621966475e-11    1.6932503927442128e-20
-3.653153153153153    -1.2556084492908567e-10    3.4782445477634776e-11    1.6975344292710536e-20
-3.644144144144144    -1.2571240641596047e-10    3.48517570697502e-11    1.7018254097740503e-20
-3.635135135135135    -1.2586455962303476e-10    3.492145431198358e-11    1.706139534036443e-20
-3.626126126126126    -1.2601741436503185e-10    3.499110416001431e-11    1.7104766093585104e-20
-3.6171171171171173    -1.2617017806841722e-10    3.506077957195787e-11    1.714817209800953e-20
-3.608108108108108    -1.2632374166107397e-10    3.513069665498207e-11    1.7191853554718126e-20
-3.599099099099099    -1.2647755775949945e-10    3.520066383857227e-11    1.7235659351483687e-20
-3.59009009009009    -1.2663191331758542e-10    3.5270491560335705e-11    1.727964904538018e-20
-3.581081081081081    -1.267868046480387e-10    3.5340916955649326e-11    1.732387424412603e-20
-3.5720720720720722    -1.2694197454444477e-10    3.5411420806690175e-11    1.7368233624790954e-20
-3.563063063063063    -1.2709737143656514e-10    3.5481671215998505e-11    1.741269081836442e-20
-3.554054054054054    -1.2725381832237045e-10    3.555227306880913e-11    1.7457498397982035e-20
-3.545045045045045    -1.2740997931988612e-10    3.562308637475958e-11    1.7502307113157388e-20
-3.536036036036036    -1.2756721457648167e-10    3.5694047773377327e-11    1.754745928125026e-20
-3.527027027027027    -1.2772467446436053e-10    3.57646047133343e-11    1.7592699417327926e-20
-3.518018018018018    -1.2788224757678558e-10    3.583601542645384e-11    1.763808924693532e-20
-3.509009009009009    -1.2804065251413764e-10    3.590710116939549e-11    1.7683728610635346e-20
-3.5    -1.28199308697459e-10    3.597818798560715e-11    1.772949276123407e-20
-3.490990990990991    -1.2835845461164956e-10    3.604940015432691e-11    1.7775452121777686e-20
-3.481981981981982    -1.285179365903596e-10    3.612077531124067e-11    1.782157043452882e-20
-3.472972972972973    -1.286781705956167e-10    3.619242889022813e-11    1.7867963496808855e-20
-3.463963963963964    -1.2883836574301222e-10    3.626366383422143e-11    1.7914377802011602e-20
-3.454954954954955    -1.289989344519901e-10    3.633543660343223e-11    1.7960989042910883e-20
-3.445945945945946    -1.2916081996088904e-10    3.640713022458334e-11    1.8007996544158962e-20
-3.436936936936937    -1.2932247778178463e-10    3.647902062882147e-11    1.8055022205658164e-20
-3.4279279279279278    -1.2948492836922926e-10    3.6550943738784636e-11    1.8102318162980234e-20
-3.418918918918919    -1.2964770958937942e-10    3.662280819971122e-11    1.81497586822049e-20
-3.40990990990991    -1.2981103786658268e-10    3.669530070909535e-11    1.8197450646130296e-20
-3.4009009009009006    -1.2997473223739035e-10    3.676757636129989e-11    1.8245285691665338e-20
-3.391891891891892    -1.301390452365232e-10    3.68399707907082e-11    1.8293354542934067e-20
-3.3828828828828827    -1.3030376858046914e-10    3.6912450601627224e-11    1.8341601115690027e-20
-3.373873873873874    -1.3046889334799756e-10    3.698496673194528e-11    1.839001989561426e-20
-3.364864864864865    -1.30634493402776e-10    3.7057722102710315e-11    1.843864563404163e-20
-3.3558558558558556    -1.3080169307884046e-10    3.713081984507547e-11    1.848778069465863e-20
-3.346846846846847    -1.3096719545052995e-10    3.7203930070899924e-11    1.8536538696897723e-20
-3.3378378378378377    -1.3113398010283878e-10    3.727674938940853e-11    1.8585676782652486e-20
-3.328828828828829    -1.313015102118123e-10    3.734979106128106e-11    1.8635093476224e-20
-3.31981981981982    -1.3146951723563513e-10    3.742318354067247e-11    1.868472862848982e-20
-3.3108108108108105    -1.3163759121695604e-10    3.7496745424080955e-11    1.873446133880076e-20
-3.301801801801802    -1.3180698656496742e-10    3.756985679686697e-11    1.8784575847074593e-20
-3.2927927927927927    -1.319764975597899e-10    3.764326592425228e-11    1.8834811377593203e-20
-3.2837837837837838    -1.321463977424649e-10    3.77167198852135e-11    1.888522139520939e-20
-3.274774774774775    -1.3231689260226475e-10    3.779060571259838e-11    1.893588994804434e-20
-3.2657657657657655    -1.3248797558503127e-10    3.786422383535929e-11    1.8986763121274033e-20
-3.256756756756757    -1.3265939141361843e-10    3.7938123673659396e-11    1.9037815358109493e-20
-3.2477477477477477    -1.3283141654671444e-10    3.801226513209025e-11    1.908911752227909e-20
-3.2387387387387387    -1.3300398846866454e-10    3.8086468487567425e-11    1.9140640030427117e-20
-3.22972972972973    -1.3317693053452077e-10    3.8160690006817815e-11    1.9192333088393018e-20
-3.2207207207207205    -1.3335066102262132e-10    3.823497796058344e-11    1.9244312334816356e-20
-3.211711711711712    -1.335247163546268e-10    3.830945133907097e-11    1.929646393948419e-20
-3.2027027027027026    -1.336993712544884e-10    3.8384091046917856e-11    1.9348860319343596e-20
-3.1936936936936937    -1.3387430771949096e-10    3.8458924758747354e-11    1.940141916097195e-20
-3.184684684684685    -1.3405003986822278e-10    3.853375337986257e-11    1.9454263338212187e-20
-3.1756756756756754    -1.342261932115465e-10    3.860891482506405e-11    1.9507319248032464e-20
-3.166666666666667    -1.3440244673768264e-10    3.868373950706529e-11    1.9560449391326102e-20
-3.1576576576576576    -1.3457946529844556e-10    3.8758641925809184e-11    1.9613864803948606e-20
-3.1486486486486487    -1.347572931683947e-10    3.883406816277665e-11    1.9667612912143863e-20
-3.1396396396396398    -1.3493551425206624e-10    3.89093603504003e-11    1.9721531329346876e-20
-3.1306306306306304    -1.3511398582410744e-10    3.8984655288218705e-11    1.9775592513218342e-20
-3.121621621621622    -1.352934394405629e-10    3.906021079497154e-11    1.983001482300487e-20
-3.1126126126126126    -1.3547332913609143e-10    3.9135709236673445e-11    1.9884626644673204e-20
-3.1036036036036037    -1.3565332096025624e-10    3.9211398769035986e-11    1.993935728097065e-20
-3.0945945945945947    -1.358343538272605e-10    3.9287040939385166e-11    1.9994443265442323e-20
-3.0855855855855854    -1.3601581000715595e-10    3.936287430427796e-11    2.004973644539713e-20
-3.076576576576577    -1.3619778439501278e-10    3.9438776735162934e-11    2.0105253584476417e-20
-3.0675675675675675    -1.3638050448529454e-10    3.951491701953841e-11    2.016107067072445e-20
-3.0585585585585586    -1.365637947674343e-10    3.959116666100654e-11    2.0217130518861515e-20
-3.0495495495495497    -1.3674723556689487e-10    3.966751288530062e-11    2.027331801369333e-20
-3.0405405405405403    -1.369313480324063e-10    3.974406615890082e-11    2.0329784868815064e-20
-3.031531531531532    -1.3711628464868991e-10    3.9820500561535994e-11    2.0386547780831844e-20
-3.0225225225225225    -1.373016167349505e-10    3.989728977000267e-11    2.04435276890228e-20
-3.0135135135135136    -1.3748734989950173e-10    3.997390428620624e-11    2.05006844062708e-20
-3.0045045045045047    -1.3767398523708097e-10    4.005090352390965e-11    2.055820108414151e-20
-2.9954954954954953    -1.3786105729777518e-10    4.012802693462375e-11    2.061592966492634e-20
-2.9864864864864864    -1.3804872143089403e-10    4.0205302900771335e-11    2.0673915870047353e-20
-2.9774774774774775    -1.3823658117231513e-10    4.028235350672404e-11    2.0732020378250752e-20
-2.9684684684684686    -1.3842536897532506e-10    4.0359717540797626e-11    2.0790489575927855e-20
-2.9594594594594597    -1.3861461661535142e-10    4.043715447656617e-11    2.0849175401582534e-20
-2.9504504504504503    -1.3880441690306295e-10    4.0514519218607184e-11    2.0908092419314198e-20
-2.9414414414414414    -1.3899480979565113e-10    4.059201754462259e-11    2.0967269038472183e-20
-2.9324324324324325    -1.391859704719418e-10    4.0669827101176646e-11    2.1026769212655855e-20
-2.9234234234234235    -1.3937761846027397e-10    4.074736758584586e-11    2.1086468492833746e-20
-2.9144144144144146    -1.3956983551332433e-10    4.082521543641876e-11    2.1146437200646414e-20
-2.9054054054054053    -1.3976274037125372e-10    4.090303236147258e-11    2.120668165244615e-20
-2.8963963963963963    -1.399565219456179e-10    4.098089572841341e-11    2.126726184981732e-20
-2.8873873873873874    -1.4015095712457953e-10    4.105889446217936e-11    2.1328123597392113e-20
-2.878378378378378    -1.4034480038818936e-10    4.1137718997204564e-11    2.138897492029368e-20
-2.8693693693693696    -1.4054019420117646e-10    4.121577606454224e-11    2.1450286382706884e-20
-2.8603603603603602    -1.4073624382299785e-10    4.1294344661911426e-11    2.1511913226463033e-20
-2.8513513513513513    -1.409327496512081e-10    4.1373014748187504e-11    2.1573766273603836e-20
-2.8423423423423424    -1.4112977380662807e-10    4.1451555262534934e-11    2.163584448839299e-20
-2.833333333333333    -1.4132770240595108e-10    4.153059750065151e-11    2.1698309996106193e-20
-2.8243243243243246    -1.4152548416084476e-10    4.1609809537681704e-11    2.1760838916723667e-20
-2.815315315315315    -1.4172527227419638e-10    4.1688679609712174e-11    2.182399880879633e-20
-2.8063063063063063    -1.419247174557665e-10    4.1767730954459484e-11    2.1887168773983267e-20
-2.7972972972972974    -1.4212493742477857e-10    4.184723227375517e-11    2.195068868697084e-20
-2.788288288288288    -1.423256447889837e-10    4.192603983555236e-11    2.2014381980892283e-20
-2.7792792792792795    -1.4252716888248207e-10    4.2005869830703587e-11    2.207848696988958e-20
-2.77027027027027    -1.4272912036788989e-10    4.208521739465308e-11    2.214276732414681e-20
-2.7612612612612613    -1.4293183796912931e-10    4.2165029563901445e-11    2.2207400023358117e-20
-2.7522522522522523    -1.431352747154002e-10    4.22447513372898e-11    2.227232588340253e-20
-2.743243243243243    -1.4333913460064055e-10    4.232435288202653e-11    2.2337458354942856e-20
-2.7342342342342345    -1.4354399168072744e-10    4.240434035193478e-11    2.2403005628319474e-20
-2.725225225225225    -1.4374912261926553e-10    4.248453253544662e-11    2.246874575856406e-20
-2.7162162162162162    -1.4395545779277703e-10    4.256437664525823e-11    2.2534899987527412e-20
-2.7072072072072073    -1.4416204747194324e-10    4.2644468266933324e-11    2.26012466050723e-20
-2.698198198198198    -1.443694503574267e-10    4.2724870942712795e-11    2.2667952793576957e-20
-2.6891891891891895    -1.445773984369843e-10    4.280513732638789e-11    2.2734903920337438e-20
-2.68018018018018    -1.4478634293177809e-10    4.2885533055535685e-11    2.280225404501589e-20
-2.671171171171171    -1.4499562758205541e-10    4.296617573199858e-11    2.2869824274947092e-20
-2.6621621621621623    -1.4520566973623633e-10    4.304682216009015e-11    2.2937715421631365e-20
-2.653153153153153    -1.4541648114228887e-10    4.312774454285524e-11    2.3005955337159435e-20
-2.6441441441441444    -1.4562784744043953e-10    4.320876748631676e-11    2.3074467537822515e-20
-2.635135135135135    -1.458401058721702e-10    4.328971678535464e-11    2.3143336060162028e-20
-2.626126126126126    -1.460529307389908e-10    4.337096526115601e-11    2.3212499205132845e-20
-2.6171171171171173    -1.4626626618651801e-10    4.345224129370474e-11    2.328191789759168e-20
-2.608108108108108    -1.4648043347847493e-10    4.353359045424766e-11    2.335169088988008e-20
-2.5990990990990994    -1.4669532360986676e-10    4.361507116769409e-11    2.3421792401966553e-20
-2.59009009009009    -1.4691089099258597e-10    4.3697093755020566e-11    2.3492245894870536e-20
-2.581081081081081    -1.4712702327786957e-10    4.377832416762183e-11    2.3562902645532156e-20
-2.5720720720720722    -1.4734420599352203e-10    4.385994277769826e-11    2.363400962032442e-20
-2.563063063063063    -1.475615374692427e-10    4.394174166376006e-11    2.370528400073134e-20
-2.5540540540540544    -1.4777984297242606e-10    4.402359126410171e-11    2.3776958576743596e-20
-2.545045045045045    -1.4799896008569777e-10    4.4105442847264185e-11    2.384898227520125e-20
-2.536036036036036    -1.4821878782217874e-10    4.418752109537629e-11    2.3921346084030365e-20
-2.527027027027027    -1.4843908938813175e-10    4.4269763826391765e-11    2.3993975247622274e-20
-2.518018018018018    -1.4866058338891586e-10    4.435190005942921e-11    2.4067060092414402e-20
-2.509009009009009    -1.4888264513357217e-10    4.443411842767537e-11    2.414043290241386e-20
-2.5    -1.491053359835302e-10    4.4516405901359395e-11    2.421411161313601e-20
-2.490990990990991    -1.493289230571684e-10    4.459898002247564e-11    2.4288196280458906e-20
-2.481981981981982    -1.4955319870478188e-10    4.468167279167201e-11    2.4362611126294017e-20
-2.472972972972973    -1.4977817638382492e-10    4.4764127400272963e-11    2.4437329222772035e-20
-2.463963963963964    -1.500039931959877e-10    4.484722393932556e-11    2.451247146980594e-20
-2.454954954954955    -1.5023067123245452e-10    4.4930241816613836e-11    2.458798120865323e-20
-2.445945945945946    -1.504579689310402e-10    4.5013232345969435e-11    2.466379150108609e-20
-2.436936936936937    -1.5068600952231926e-10    4.5096167309147854e-11    2.4739937771735145e-20
-2.4279279279279278    -1.509145205873579e-10    4.517981135216211e-11    2.4816407877929026e-20
-2.418918918918919    -1.5114425180177853e-10    4.5262865690404366e-11    2.489331186322702e-20
-2.40990990990991    -1.5137463114914874e-10    4.534630154548377e-11    2.4970566019394777e-20
-2.400900900900901    -1.516059561255183e-10    4.542990747832396e-11    2.5048242426221654e-20
-2.391891891891892    -1.5183761902707074e-10    4.551358287697307e-11    2.5126148778108974e-20
-2.3828828828828827    -1.5207025499431556e-10    4.559720412250168e-11    2.520446747782524e-20
-2.373873873873874    -1.5230368474898864e-10    4.5680865724552565e-11    2.5283153881463918e-20
-2.364864864864865    -1.5253779579565583e-10    4.576484440337989e-11    2.5362200129462767e-20
-2.355855855855856    -1.5277260604607486e-10    4.584860847664312e-11    2.54415640573537e-20
-2.346846846846847    -1.5300873324722878e-10    4.5932581629644344e-11    2.5521474505085558e-20
-2.3378378378378377    -1.5324517609502164e-10    4.6016809271027285e-11    2.5601630731880297e-20
-2.328828828828829    -1.5348257422591098e-10    4.610092738694273e-11    2.568219609694844e-20
-2.31981981981982    -1.5372087950215145e-10    4.618507483930872e-11    2.5763169932827515e-20
-2.310810810810811    -1.53960071089818e-10    4.6269282864060206e-11    2.584455002673623e-20
-2.3018018018018016    -1.5419997854116246e-10    4.635335325298867e-11    2.592626673989132e-20
-2.2927927927927927    -1.5444100513117315e-10    4.6438411511665735e-11    2.600855012965386e-20
-2.2837837837837838    -1.5468188581874096e-10    4.652298787513219e-11    2.6090874201271714e-20
-2.274774774774775    -1.5492451965270757e-10    4.660756116774893e-11    2.617387154762763e-20
-2.265765765765766    -1.5516785076780554e-10    4.6692308079587167e-11    2.625723354569905e-20
-2.2567567567567566    -1.5541203091310656e-10    4.677721904578164e-11    2.6341007574193426e-20
-2.2477477477477477    -1.5565715291219993e-10    4.6862232452010903e-11    2.6425218083118298e-20
-2.2387387387387387    -1.5590260182128092e-10    4.694719042571932e-11    2.6509659943513618e-20
-2.22972972972973    -1.5614938850487791e-10    4.703215355031863e-11    2.659465499802805e-20
-2.220720720720721    -1.5639683678779441e-10    4.71173935396998e-11    2.668001933120295e-20
-2.2117117117117115    -1.5664529058088899e-10    4.720310492501957e-11    2.6765880175733557e-20
-2.2027027027027026    -1.5689460198942315e-10    4.72881897921789e-11    2.6852089027240635e-20
-2.1936936936936937    -1.571443456612817e-10    4.737373515878399e-11    2.6938616156206987e-20
-2.184684684684685    -1.5739538305026296e-10    4.7459063780763345e-11    2.7025669340485567e-20
-2.175675675675676    -1.5764704246956092e-10    4.754475442373837e-11    2.7113093672613134e-20
-2.1666666666666665    -1.578998540622957e-10    4.763045670797825e-11    2.720102431910487e-20
-2.1576576576576576    -1.5815360552272446e-10    4.771624849031392e-11    2.728940330982693e-20
-2.1486486486486487    -1.5840795355215914e-10    4.780189370467965e-11    2.73781007903365e-20
-2.1396396396396398    -1.5866327527022014e-10    4.788775748173291e-11    2.7467272236102916e-20
-2.130630630630631    -1.5891935162850977e-10    4.797343112097928e-11    2.755681041554528e-20
-2.1216216216216215    -1.5917680757963796e-10    4.8059580329235826e-11    2.764697933266736e-20
-2.1126126126126126    -1.5943487779229197e-10    4.8145740903899966e-11    2.7737492623828545e-20
-2.1036036036036037    -1.5969405670129218e-10    4.8231825808063374e-11    2.782850076649489e-20
-2.0945945945945947    -1.5995396814261355e-10    4.831816034874226e-11    2.7919916544055e-20
-2.085585585585586    -1.6021491348778266e-10    4.8404404641177276e-11    2.801180489256451e-20
-2.0765765765765765    -1.6047664060281428e-10    4.849085959443274e-11    2.810411564337181e-20
-2.0675675675675675    -1.6073967814858184e-10    4.857756471903316e-11    2.8197023925341534e-20
-2.0585585585585586    -1.6100322503884914e-10    4.86639261768432e-11    2.8290216183855544e-20
-2.0495495495495497    -1.6126794501862076e-10    4.875025808839352e-11    2.8383937754213867e-20
-2.0405405405405403    -1.6153345031624808e-10    4.8837070778726315e-11    2.847811505331811e-20
-2.0315315315315314    -1.6179994017801143e-10    4.892387910492312e-11    2.857276658828121e-20
-2.0225225225225225    -1.6206733035162325e-10    4.901079143124131e-11    2.8667877244018816e-20
-2.0135135135135136    -1.62335938920609e-10    4.90975649070448e-11    2.8763527945037175e-20
-2.0045045045045047    -1.626053357871721e-10    4.9184947432764034e-11    2.885965428042275e-20
-1.9954954954954953    -1.6287580605242643e-10    4.927115197430376e-11    2.895617461410257e-20
-1.9864864864864864    -1.6314701016353608e-10    4.935859560176037e-11    2.9053217885079067e-20
-1.9774774774774775    -1.6341943842944145e-10    4.9445750682054996e-11    2.9150795117105946e-20
-1.9684684684684686    -1.6369272444792784e-10    4.953276677580299e-11    2.9248803021651326e-20
-1.9594594594594597    -1.6396705622611497e-10    4.961991633923366e-11    2.93473316249705e-20
-1.9504504504504503    -1.6424248151331577e-10    4.970695768573604e-11    2.9446374376023425e-20
-1.9414414414414414    -1.6451872591839483e-10    4.979444622607986e-11    2.954589805277388e-20
-1.9324324324324325    -1.647960927375243e-10    4.988217469161122e-11    2.964598353351913e-20
-1.9234234234234235    -1.6507461133910896e-10    4.996913756177058e-11    2.9746542017425026e-20
-1.9144144144144146    -1.6535407074218402e-10    5.0056678174650993e-11    2.984763974089178e-20
-1.9054054054054053    -1.6563462076496663e-10    5.014423790123012e-11    2.9949272190649476e-20
-1.8963963963963963    -1.6591604306201304e-10    5.023192682457334e-11    3.005137981786505e-20
-1.8873873873873874    -1.6619872310630524e-10    5.031948979158361e-11    3.0154066615051606e-20
-1.8783783783783785    -1.6648229869346301e-10    5.0407267379566587e-11    3.025724838293456e-20
-1.8693693693693696    -1.6676708403224622e-10    5.049488169244508e-11    3.03609933937523e-20
-1.8603603603603602    -1.6705258917614263e-10    5.0582851700657295e-11    3.046519243662377e-20
-1.8513513513513513    -1.6733939487137947e-10    5.067070527858607e-11    3.0569993449348794e-20
-1.8423423423423424    -1.6762754799868184e-10    5.0758366842965404e-11    3.0675406652615434e-20
-1.8333333333333335    -1.6791590862637998e-10    5.084670489017556e-11    3.078113976801139e-20
-1.8243243243243246    -1.6820600323048326e-10    5.0934719426710285e-11    3.088760516585104e-20
-1.8153153153153152    -1.6849688866561159e-10    5.1022762639857685e-11    3.099452379739476e-20
-1.8063063063063063    -1.687889682010155e-10    5.111086192550957e-11    3.1102035993131925e-20
-1.7972972972972974    -1.6908218146438812e-10    5.119890489694994e-11    3.12101119514032e-20
-1.7882882882882885    -1.6937643742735663e-10    5.1286842195145637e-11    3.1318717737933024e-20
-1.779279279279279    -1.6967184256163065e-10    5.1375132392055204e-11    3.142793838655998e-20
-1.7702702702702702    -1.699683564394034e-10    5.146325770463072e-11    3.1537709084285315e-20
-1.7612612612612613    -1.7026603686799289e-10    5.1551513299362195e-11    3.164808183418703e-20
-1.7522522522522523    -1.7056484266645243e-10    5.163975929522456e-11    3.1759030293900406e-20
-1.7432432432432434    -1.7086469600226145e-10    5.172791868642933e-11    3.1870521911575064e-20
-1.734234234234234    -1.7116592199255998e-10    5.1816225212919786e-11    3.198269404687915e-20
-1.7252252252252251    -1.7146821394765606e-10    5.1904590708605755e-11    3.209543493102704e-20
-1.7162162162162162    -1.717715299418095e-10    5.199298433974431e-11    3.220872891910286e-20
-1.7072072072072073    -1.720761381434275e-10    5.2081308097828675e-11    3.2322659971536906e-20
-1.6981981981981984    -1.723818993124613e-10    5.216985973585464e-11    3.243721347543029e-20
-1.689189189189189    -1.7268876216850496e-10    5.225830435621227e-11    3.2552338953476983e-20
-1.6801801801801801    -1.729967617594693e-10    5.234691333294257e-11    3.266807891474918e-20
-1.6711711711711712    -1.733060452724686e-10    5.243531231242869e-11    3.2784447305284875e-20
-1.6621621621621623    -1.736163144553183e-10    5.252391968275719e-11    3.2901386783888694e-20
-1.6531531531531534    -1.73927884321977e-10    5.261270160061595e-11    3.301900531443447e-20
-1.644144144144144    -1.7424078205244124e-10    5.2701146501977966e-11    3.3137260972869274e-20
-1.635135135135135    -1.7455462172982472e-10    5.2789703037137976e-11    3.325606871399141e-20
-1.6261261261261262    -1.7486981616046325e-10    5.287832750627147e-11    3.337557012385472e-20
-1.6171171171171173    -1.7518614706801696e-10    5.296692755625483e-11    3.3495681539286416e-20
-1.6081081081081083    -1.7550376811138865e-10    5.305549953477416e-11    3.36164586521805e-20
-1.599099099099099    -1.7582252151873452e-10    5.31440733760172e-11    3.3737851608201364e-20
-1.59009009009009    -1.7614267348476616e-10    5.323248315279622e-11    3.385993868497368e-20
-1.5810810810810811    -1.7646410620359883e-10    5.3321015829002647e-11    3.3982711507271755e-20
-1.5720720720720722    -1.7678669262078017e-10    5.3409550185168805e-11    3.4106114738776275e-20
-1.5630630630630633    -1.77110681862737e-10    5.3498138557040195e-11    3.423024445895191e-20
-1.554054054054054    -1.7743588331066685e-10    5.3586781386407926e-11    3.4355035825591256e-20
-1.545045045045045    -1.777624856833449e-10    5.367508077830641e-11    3.448051561287912e-20
-1.5360360360360361    -1.7809028308823987e-10    5.376375780581638e-11    3.46066905838519e-20
-1.5270270270270272    -1.78419313100836e-10    5.3852381294271155e-11    3.473353025843772e-20
-1.5180180180180178    -1.7874981201692184e-10    5.394085698473811e-11    3.486111134833287e-20
-1.509009009009009    -1.7908145564966976e-10    5.40295609169273e-11    3.4989361210480596e-20
-1.5    -1.7941446898747219e-10    5.411809534919998e-11    3.511831992628172e-20
-1.490990990990991    -1.7974875776900864e-10    5.420662896241983e-11    3.52479745429712e-20
-1.4819819819819822    -1.8008426950306094e-10    5.429521705209075e-11    3.5378314717184733e-20
-1.4729729729729728    -1.8042127198906094e-10    5.4383822658597514e-11    3.550943555311249e-20
-1.4639639639639639    -1.8075949035230168e-10    5.4472350069741174e-11    3.564123027454428e-20
-1.454954954954955    -1.8109900417109023e-10    5.456084794720596e-11    3.5773735440478684e-20
-1.445945945945946    -1.8143987944851153e-10    5.464928644268121e-11    3.590697436298462e-20
-1.4369369369369371    -1.817822580851588e-10    5.473760927934699e-11    3.6040995224157736e-20
-1.4279279279279278    -1.8212591783144037e-10    5.4825924989277354e-11    3.617573199687444e-20
-1.4189189189189189    -1.824709059089431e-10    5.49140767780005e-11    3.6311187331610497e-20
-1.40990990990991    -1.8281743776596988e-10    5.500231353966462e-11    3.644747004602984e-20
-1.400900900900901    -1.8316523015065332e-10    5.509032346501277e-11    3.658444527562153e-20
-1.391891891891892    -1.835145912559778e-10    5.517851458420194e-11    3.6722273675567593e-20
-1.3828828828828827    -1.838653455186642e-10    5.5266557316083784e-11    3.686085764026974e-20
-1.3738738738738738    -1.8421753423039826e-10    5.5354557611045946e-11    3.700022696624256e-20
-1.364864864864865    -1.8457113879082524e-10    5.544262159956616e-11    3.714038956437475e-20
-1.355855855855856    -1.849261901675959e-10    5.553041044590322e-11    3.728132229419232e-20
-1.346846846846847    -1.8528259488359678e-10    5.5618376122689636e-11    3.7423043729324015e-20
-1.3378378378378377    -1.856407543041708e-10    5.5706334388835625e-11    3.7565685349662285e-20
-1.3288288288288288    -1.8600018045526189e-10    5.579422231861152e-11    3.7709062373528633e-20
-1.3198198198198199    -1.8636110198273162e-10    5.588198633237926e-11    3.785325672867032e-20
-1.310810810810811    -1.8672336961502595e-10    5.596974271618788e-11    3.799822886010586e-20
-1.301801801801802    -1.870873414510292e-10    5.605742707318232e-11    3.8144108461279144e-20
-1.2927927927927927    -1.8745248975585512e-10    5.614506362393948e-11    3.829070408500518e-20
-1.2837837837837838    -1.8781922700888852e-10    5.623257274275522e-11    3.843816427148566e-20
-1.2747747747747749    -1.881875781253975e-10    5.63200054476044e-11    3.8586507574320775e-20
-1.265765765765766    -1.8855731321107539e-10    5.6407253494184083e-11    3.873563861213673e-20
-1.2567567567567566    -1.889284547580987e-10    5.6494125540045504e-11    3.8885547237817365e-20
-1.2477477477477477    -1.8930149655051852e-10    5.6581594464674676e-11    3.903653342843088e-20
-1.2387387387387387    -1.8967598955089874e-10    5.666858078201635e-11    3.918830905996056e-20
-1.2297297297297298    -1.9005195023939753e-10    5.675543004853503e-11    3.9340922629792585e-20
-1.220720720720721    -1.9042954580439675e-10    5.684218458929368e-11    3.9494445864152175e-20
-1.2117117117117115    -1.9080870207295991e-10    5.6928856140474994e-11    3.964885544823047e-20
-1.2027027027027026    -1.9118957460822002e-10    5.7015492368787415e-11    3.980421980892738e-20
-1.1936936936936937    -1.9157182808749096e-10    5.710199995072183e-11    3.9960403715155425e-20
-1.1846846846846848    -1.9195607003529848e-10    5.7188461204270374e-11    4.011765291830875e-20
-1.1756756756756759    -1.9234155860996028e-10    5.727469370795195e-11    4.0275665707848495e-20
-1.1666666666666665    -1.9272885583931182e-10    5.736104701549962e-11    4.0434701587844593e-20
-1.1576576576576576    -1.9311786304100403e-10    5.7446942188317455e-11    4.0594660192311883e-20
-1.1486486486486487    -1.9350827933978512e-10    5.753296474368877e-11    4.075549620524284e-20
-1.1396396396396398    -1.9390046911284902e-10    5.7618795817979624e-11    4.091731755369694e-20
-1.1306306306306309    -1.9429419402185257e-10    5.7704566371362805e-11    4.108005081070831e-20
-1.1216216216216215    -1.94689700061814e-10    5.779014858352621e-11    4.124378058346513e-20
-1.1126126126126126    -1.9508677552732139e-10    5.787566470276372e-11    4.140844255043421e-20
-1.1036036036036037    -1.954857473118644e-10    5.796083472968325e-11    4.157413576463976e-20
-1.0945945945945947    -1.958862313198009e-10    5.8045945951210246e-11    4.1740747462045375e-20
-1.0855855855855858    -1.9628840357751787e-10    5.813089053947731e-11    4.190833781392322e-20
-1.0765765765765765    -1.9669238138612444e-10    5.821579816696007e-11    4.2076972051560865e-20
-1.0675675675675675    -1.9709811736873837e-10    5.83004447147712e-11    4.224660972424106e-20
-1.0585585585585586    -1.9750564626587237e-10    5.838487687353148e-11    4.241727415443733e-20
-1.0495495495495497    -1.9791489182208986e-10    5.846912116693089e-11    4.258894253498278e-20
-1.0405405405405403    -1.9832583599204451e-10    5.855313206258412e-11    4.276160649628175e-20
-1.0315315315315314    -1.987385881560149e-10    5.863720449663511e-11    4.2935348173426314e-20
-1.0225225225225225    -1.9915321079786123e-10    5.872092436501625e-11    4.3110148329379313e-20
-1.0135135135135136    -1.9956963832752307e-10    5.880453572628723e-11    4.3286013964162553e-20
-1.0045045045045047    -1.9998783121174094e-10    5.888796434752192e-11    4.3462924977770794e-20
-0.9954954954954953    -2.0040784216669806e-10    5.897115176997366e-11    4.364089994298942e-20
-0.9864864864864864    -2.0082963020633583e-10    5.9054238538302e-11    4.381994345815227e-20
-0.9774774774774775    -2.0125331671649912e-10    5.913701034032725e-11    4.400008348138347e-20
-0.9684684684684686    -2.0167885377333082e-10    5.921968947837886e-11    4.418133168124017e-20
-0.9594594594594597    -2.021062196296095e-10    5.930216430007411e-11    4.4363670703644934e-20
-0.9504504504504503    -2.0253550898339282e-10    5.938425403695027e-11    4.4547122026687036e-20
-0.9414414414414414    -2.0296663899596034e-10    5.9466223583021e-11    4.4731688292542334e-20
-0.9324324324324325    -2.033997073481878e-10    5.95479509080352e-11    4.4917399406674215e-20
-0.9234234234234235    -2.038346198568381e-10    5.962943770059561e-11    4.510422209267092e-20
-0.9144144144144146    -2.042714480311196e-10    5.971066857896691e-11    4.529218842287763e-20
-0.9054054054054053    -2.047101792099864e-10    5.979163878281081e-11    4.5481297540518875e-20
-0.8963963963963963    -2.051509630116182e-10    5.987239431090787e-11    4.567162122511517e-20
-0.8873873873873874    -2.0559365469501815e-10    5.995279788879104e-11    4.586308882554859e-20
-0.8783783783783785    -2.0603829436129375e-10    6.00330290831291e-11    4.605574332420696e-20
-0.8693693693693696    -2.0648493282332194e-10    6.011296648366098e-11    4.6249596222517524e-20
-0.8603603603603602    -2.0693363099000565e-10    6.019263841045625e-11    4.6444681353519757e-20
-0.8513513513513513    -2.0738428394081854e-10    6.027200414330556e-11    4.664095570909669e-20
-0.8423423423423424    -2.0783698143986584e-10    6.035109339406707e-11    4.6838465327894543e-20
-0.8333333333333335    -2.0829174898226585e-10    6.043003066486104e-11    4.703724130024729e-20
-0.8243243243243246    -2.0874848896168637e-10    6.050848549505862e-11    4.7237208460693015e-20
-0.8153153153153152    -2.092073051920682e-10    6.058669336965959e-11    4.7438443959196316e-20
-0.8063063063063063    -2.0966819558025788e-10    6.066461095108307e-11    4.7640947259727536e-20
-0.7972972972972974    -2.1013108323728566e-10    6.074222863551925e-11    4.7844690482084774e-20
-0.7882882882882885    -2.1059620114416696e-10    6.081952574135851e-11    4.8049774647758195e-20
-0.7792792792792791    -2.1106340534420768e-10    6.08964908764806e-11    4.8256143676562595e-20
-0.7702702702702702    -2.1153267890269447e-10    6.097307331263526e-11    4.846378991293844e-20
-0.7612612612612613    -2.1200411263727513e-10    6.10494021733634e-11    4.8672773280843505e-20
-0.7522522522522523    -2.1247757935325834e-10    6.112529386273575e-11    4.8883023277625996e-20
-0.7432432432432434    -2.1295330386416318e-10    6.120086663890121e-11    4.9094655704015185e-20
-0.7342342342342341    -2.134311769157539e-10    6.127601749490242e-11    4.930761759967944e-20
-0.7252252252252251    -2.1391124913186955e-10    6.135094292955788e-11    4.9521960703502633e-20
-0.7162162162162162    -2.1439349456034508e-10    6.142532009867325e-11    4.9737640459021184e-20
-0.7072072072072073    -2.1487799473992182e-10    6.149939868782332e-11    4.9954728662413714e-20
-0.6981981981981984    -2.153647181211782e-10    6.157307238546217e-11    5.017320505439991e-20
-0.689189189189189    -2.1585365428147352e-10    6.164630486100851e-11    5.0393066969682294e-20
-0.6801801801801801    -2.1634488575895524e-10    6.171921859421446e-11    5.0614371537935826e-20
-0.6711711711711712    -2.1683839550847638e-10    6.179159837119767e-11    5.083709139595783e-20
-0.6621621621621623    -2.1733419739014418e-10    6.186366168188231e-11    5.1061265991908545e-20
-0.6531531531531534    -2.1783221284083325e-10    6.193520428912585e-11    5.128684248146983e-20
-0.644144144144144    -2.183326089210872e-10    6.200639051602747e-11    5.151392058311451e-20
-0.6351351351351351    -2.1883535536098286e-10    6.207704615422945e-11    5.1742472415201987e-20
-0.6261261261261262    -2.1934045513757926e-10    6.214742077451009e-11    5.197253716888443e-20
-0.6171171171171173    -2.198478331257366e-10    6.221712919017778e-11    5.2204040894749e-20
-0.6081081081081083    -2.2035764056582283e-10    6.228642246421301e-11    5.2437088179126785e-20
-0.599099099099099    -2.2086981152373386e-10    6.235527385618716e-11    5.2671653820209815e-20
-0.5900900900900901    -2.2138441307390055e-10    6.242360589030913e-11    5.2907764924424066e-20
-0.5810810810810811    -2.2190140973763566e-10    6.24914735403556e-11    5.314541990879503e-20
-0.5720720720720722    -2.2242082494990372e-10    6.255882140916413e-11    5.3384629507499403e-20
-0.5630630630630633    -2.229427165147648e-10    6.262563816057894e-11    5.3625425402002545e-20
-0.554054054054054    -2.2346707079145944e-10    6.269198587173038e-11    5.386781682065639e-20
-0.545045045045045    -2.2399386265082073e-10    6.275771151756227e-11    5.411178086015631e-20
-0.5360360360360361    -2.2452322992770512e-10    6.282294008359248e-11    5.43574025779158e-20
-0.5270270270270272    -2.2505495182605043e-10    6.288759278250739e-11    5.460458066740435e-20
-0.5180180180180178    -2.2558938778419067e-10    6.295160351898083e-11    5.485347626645691e-20
-0.5090090090090089    -2.261263332671576e-10    6.301513036877285e-11    5.510402525224306e-20
-0.5    -2.2666578485760098e-10    6.307802490427664e-11    5.53562152509368e-20
-0.49099099099099064    -2.2720782899679611e-10    6.314031935671435e-11    5.561009748590522e-20
-0.48198198198198217    -2.2775247432321383e-10    6.320205595080488e-11    5.586568943675485e-20
-0.4729729729729728    -2.2829982471351258e-10    6.326315527081039e-11    5.612303677903923e-20
-0.46396396396396433    -2.288496080094019e-10    6.332358499863398e-11    5.638201950313613e-20
-0.45495495495495497    -2.2940214803236898e-10    6.338341876901874e-11    5.664280329671373e-20
-0.4459459459459456    -2.2995739782340478e-10    6.344259232084497e-11    5.690536733410059e-20
-0.43693693693693714    -2.3051524261363833e-10    6.350107535969833e-11    5.716966364906263e-20
-0.4279279279279278    -2.3107579549451801e-10    6.355892169655062e-11    5.743575979065256e-20
-0.4189189189189193    -2.3163908436086336e-10    6.361605964094709e-11    5.77036684477797e-20
-0.40990990990990994    -2.322051459428379e-10    6.367253373423755e-11    5.797342135447227e-20
-0.4009009009009006    -2.3277383981712718e-10    6.37283000580737e-11    5.824495673150146e-20
-0.3918918918918921    -2.333453951442555e-10    6.378326866530407e-11    5.851837879665908e-20
-0.38288288288288275    -2.3391970831075854e-10    6.383760647459368e-11    5.879366993659544e-20
-0.3738738738738743    -2.344968243286068e-10    6.389115622487526e-11    5.907084046395289e-20
-0.3648648648648649    -2.350767411513943e-10    6.394392532001243e-11    5.934989981569096e-20
-0.35585585585585555    -2.356595269457576e-10    6.399596923593854e-11    5.963089671874545e-20
-0.3468468468468471    -2.3624514821346404e-10    6.404715161802485e-11    5.991380768478385e-20
-0.3378378378378377    -2.36833599227391e-10    6.409763282011593e-11    6.019866025614286e-20
-0.32882882882882924    -2.374250371803552e-10    6.414725874788168e-11    6.048551908496071e-20
-0.3198198198198199    -2.380193515040099e-10    6.419603506005229e-11    6.077434260782088e-20
-0.3108108108108105    -2.3861656707897594e-10    6.424400058566001e-11    6.10651576958057e-20
-0.30180180180180205    -2.3921675387148457e-10    6.429109020696921e-11    6.135799961281109e-20
-0.2927927927927927    -2.398199245951362e-10    6.433731014095638e-11    6.165288570899044e-20
-0.2837837837837842    -2.4042610015958544e-10    6.438260521044244e-11    6.19498294916307e-20
-0.27477477477477485    -2.4103521734061437e-10    6.442710032171056e-11    6.224882725430097e-20
-0.2657657657657655    -2.416473945753541e-10    6.44706437464565e-11    6.254992721013938e-20
-0.256756756756757    -2.422626267384248e-10    6.45132503890075e-11    6.285313978995612e-20
-0.24774774774774766    -2.428809295180092e-10    6.455491681737554e-11    6.315848320883044e-20
-0.2387387387387392    -2.435023024985329e-10    6.459560568158067e-11    6.346596359545728e-20
-0.22972972972972983    -2.441268630489391e-10    6.463533472555507e-11    6.377565175719999e-20
-0.22072072072072046    -2.447544615324384e-10    6.467407381761292e-11    6.408748226419991e-20
-0.211711711711712    -2.453852303504802e-10    6.471182493942144e-11    6.440153156114857e-20
-0.20270270270270263    -2.4601918509044474e-10    6.474851941400204e-11    6.47178101988719e-20
-0.19369369369369416    -2.4665634779773024e-10    6.478422866195624e-11    6.50363501922395e-20
-0.1846846846846848    -2.472967010495537e-10    6.481882543428597e-11    6.535713848067276e-20
-0.17567567567567544    -2.4794029064551316e-10    6.485239146301461e-11    6.568022040385363e-20
-0.16666666666666696    -2.485871133185479e-10    6.488485080782699e-11    6.600559677240256e-20
-0.1576576576576576    -2.4923724219026995e-10    6.491620738622745e-11    6.633331687602298e-20
-0.14864864864864913    -2.498906535235887e-10    6.494645253925945e-11    6.666338041588054e-20
-0.13963963963963977    -2.505473606433279e-10    6.497552134694735e-11    6.699579829964541e-20
-0.1306306306306304    -2.512074231507157e-10    6.500342287055748e-11    6.733061443091124e-20
-0.12162162162162193    -2.5187086363449185e-10    6.50301617420228e-11    6.766785388417844e-20
-0.11261261261261257    -2.5253764789660514e-10    6.50557116954407e-11    6.800750922935001e-20
-0.10360360360360321    -2.532078433649998e-10    6.508003747182429e-11    6.834962321888831e-20
-0.09459459459459474    -2.5388147604478377e-10    6.510307462867279e-11    6.869421420478465e-20
-0.08558558558558538    -2.545585449570363e-10    6.512489454043342e-11    6.904130469954605e-20
-0.0765765765765769    -2.5523910218001425e-10    6.514541455363885e-11    6.939092431902522e-20
-0.06756756756756754    -2.5592312154108264e-10    6.5164647712102e-11    6.974307545077412e-20
-0.05855855855855818    -2.566106961205054e-10    6.518251154723428e-11    7.009780917505571e-20
-0.04954954954954971    -2.5730180245942865e-10    6.519906048294708e-11    7.045513503672983e-20
-0.04054054054054035    -2.579964785143358e-10    6.521423577264175e-11    7.081507947320786e-20
-0.031531531531531876    -2.586947470702492e-10    6.522801246242856e-11    7.117766577153894e-20
-0.022522522522522515    -2.5939661687246313e-10    6.524037756283975e-11    7.154291170942131e-20
-0.013513513513513153    -2.6010213341910985e-10    6.5251309748223e-11    7.191085323303096e-20
-0.0045045045045046805    -2.608113223535221e-10    6.526080101330082e-11    7.228151801669045e-20
0.0045045045045046805    -2.6152418053972227e-10    6.526879328909193e-11    7.265491238438747e-20
0.013513513513513153    -2.622407718914695e-10    6.527531442631958e-11    7.303108911568862e-20
0.022522522522522515    -2.6296107431501946e-10    6.528030655129629e-11    7.34100450283404e-20
0.031531531531531876    -2.6368512884833067e-10    6.528376013438744e-11    7.379181651304498e-20
0.04054054054054035    -2.6441296948389536e-10    6.52856186648533e-11    7.417643043574401e-20
0.04954954954954971    -2.6514462442717764e-10    6.528588315878892e-11    7.456391840245212e-20
0.05855855855855818    -2.6588008749187537e-10    6.528452977696136e-11    7.495429075288625e-20
0.06756756756756754    -2.666194133197666e-10    6.528151917410381e-11    7.534758830465542e-20
0.0765765765765769    -2.6736260120832393e-10    6.527687174350874e-11    7.574383050949974e-20
0.08558558558558538    -2.68109709381469e-10    6.527047390790013e-11    7.614305102877763e-20
0.09459459459459474    -2.6886072489189216e-10    6.526238014250549e-11    7.654526765125862e-20
0.10360360360360321    -2.696157064660429e-10    6.525250219245342e-11    7.695051821555955e-20
0.11261261261261257    -2.7037465898456703e-10    6.524083673512199e-11    7.735882299891977e-20
0.12162162162162193    -2.7113760398721995e-10    6.522734167868166e-11    7.7770206398398e-20
0.1306306306306304    -2.719046038936267e-10    6.52120280652388e-11    7.818472222293153e-20
0.13963963963963977    -2.7267566195411937e-10    6.519482090571565e-11    7.860238129504551e-20
0.14864864864864824    -2.734507803299772e-10    6.517570034519055e-11    7.902320117855953e-20
0.1576576576576576    -2.742300394239047e-10    6.515466651770243e-11    7.944724509146935e-20
0.16666666666666696    -2.7501341756104654e-10    6.513165876136661e-11    7.987451281161365e-20
0.17567567567567544    -2.75800974898737e-10    6.510663404455168e-11    8.030505155170493e-20
0.1846846846846848    -2.765927529068148e-10    6.507960948923036e-11    8.073890653184103e-20
0.19369369369369327    -2.7738872763190933e-10    6.505051026487077e-11    8.117607510296964e-20
0.20270270270270263    -2.781889642378109e-10    6.501936167067726e-11    8.161661721576837e-20
0.211711711711712    -2.7899348831904923e-10    6.49860397963728e-11    8.20605518928472e-20
0.22072072072072046    -2.7980228148235354e-10    6.495062405702825e-11    8.250790028812763e-20
0.22972972972972983    -2.8061544923129615e-10    6.491301471584109e-11    8.295872982678115e-20
0.2387387387387383    -2.814329564713309e-10    6.487313991277385e-11    8.341303327033635e-20
0.24774774774774766    -2.8225482880414865e-10    6.483105022453824e-11    8.387085345647586e-20
0.256756756756757    -2.8308113177957635e-10    6.478666648749683e-11    8.433223932416801e-20
0.2657657657657655    -2.839118483952737e-10    6.473997206175152e-11    8.479720164177727e-20
0.27477477477477485    -2.847470519391106e-10    6.469088642530992e-11    8.526579437450691e-20
0.2837837837837833    -2.8558672725223355e-10    6.463941946538682e-11    8.573803333146387e-20
0.2927927927927927    -2.86430940811995e-10    6.45855096245274e-11    8.621397190790449e-20
0.30180180180180205    -2.872796697044292e-10    6.45291001565116e-11    8.669361339249503e-20
0.3108108108108105    -2.881330449946555e-10    6.447020540334174e-11    8.717705900264125e-20
0.3198198198198199    -2.889909497771185e-10    6.4408729034652e-11    8.766425342894026e-20
0.32882882882882836    -2.8985354846940085e-10    6.434467799229854e-11    8.81553171462359e-20
0.3378378378378377    -2.907207589136905e-10    6.427798249647638e-11    8.865021869716949e-20
0.3468468468468471    -2.91592759531021e-10    6.420847682280824e-11    8.914906590682096e-20
0.35585585585585555    -2.9246938223052784e-10    6.41364365724367e-11    8.965182203851678e-20
0.3648648648648649    -2.933508433668839e-10    6.406155484263465e-11    9.015860011291794e-20
0.3738738738738743    -2.942370521631005e-10    6.398386490448054e-11    9.066937783374595e-20
0.38288288288288275    -2.95128127443132e-10    6.390330129547207e-11    9.118424352454943e-20
0.3918918918918921    -2.960240233731033e-10    6.381988716607843e-11    9.17032004118906e-20
0.4009009009009006    -2.969248450800854e-10    6.373349296371417e-11    9.222632175118853e-20
0.40990990990990994    -2.9783057566193213e-10    6.364413629928295e-11    9.275362788439959e-20
0.4189189189189193    -2.9874115831098217e-10    6.355179282050856e-11    9.328511003968816e-20
0.4279279279279278    -2.996568171034887e-10    6.345639103254348e-11    9.382092159946876e-20
0.43693693693693714    -3.005774330059155e-10    6.335783078890197e-11    9.436100795470076e-20
0.4459459459459456    -3.015030439324121e-10    6.325612437933633e-11    9.49054227720041e-20
0.45495495495495497    -3.024336993185597e-10    6.31512054888882e-11    9.545421723820878e-20
0.46396396396396433    -3.0336948651259895e-10    6.304301730553248e-11    9.600746737790363e-20
0.4729729729729728    -3.0431035882361993e-10    6.293156889460122e-11    9.656517685089626e-20
0.48198198198198217    -3.0525635311553903e-10    6.281664794717835e-11    9.712737237671841e-20
0.49099099099099064    -3.062075240905998e-10    6.269834007008533e-11    9.769412965723934e-20
0.5    -3.07163890315297e-10    6.25765287771197e-11    9.82654774674215e-20
0.5090090090090094    -3.081255041824466e-10    6.245118055190105e-11    9.884147628001307e-20
0.5180180180180178    -3.090923674847425e-10    6.232226217535757e-11    9.942215599997712e-20
0.5270270270270272    -3.1006453696054513e-10    6.218972127042554e-11    1.0000757851225048e-19
0.5360360360360357    -3.110420701632268e-10    6.205340117084516e-11    1.0059779400829554e-19
0.545045045045045    -3.120248623277557e-10    6.19133944208582e-11    1.0119278311936766e-19
0.5540540540540544    -3.1301318068803197e-10    6.176949762532228e-11    1.0179272212132324e-19
0.5630630630630629    -3.1400686882807977e-10    6.162172121115811e-11    1.0239755019624059e-19
0.5720720720720722    -3.1500602036315316e-10    6.147001343245368e-11    1.030073554164173e-19
0.5810810810810807    -3.160106398344251e-10    6.131432958986781e-11    1.0362217150161768e-19
0.5900900900900901    -3.170208733121086e-10    6.115452863428815e-11    1.04242110488054e-19
0.5990990990990994    -3.1803661322962316e-10    6.099066614864774e-11    1.0486714871182473e-19
0.6081081081081079    -3.190579083199807e-10    6.082261096000307e-11    1.0549733886551309e-19
0.6171171171171173    -3.200848523306867e-10    6.065039743471686e-11    1.0613278340054659e-19
0.6261261261261257    -3.2111733201918543e-10    6.047378754373956e-11    1.0677341990300512e-19
0.6351351351351351    -3.2215561618336087e-10    6.029281087289194e-11    1.0741946408143525e-19
0.6441441441441444    -3.2319947454679464e-10    6.01073710660073e-11    1.0807079640379085e-19
0.6531531531531529    -3.242491479707238e-10    5.99175600892323e-11    1.0872762396678709e-19
0.6621621621621623    -3.2530460939978174e-10    5.972298238343827e-11    1.0938992352151704e-19
0.6711711711711708    -3.2636582454097927e-10    5.95238101011011e-11    1.1005773539726522e-19
0.6801801801801801    -3.274327177731906e-10    5.93197346191394e-11    1.10731015583623e-19
0.6891891891891895    -3.2850566794173354e-10    5.911125343995281e-11    1.1141011415308682e-19
0.698198198198198    -3.2958440301687836e-10    5.889772236818701e-11    1.1209482041215212e-19
0.7072072072072073    -3.306690513752161e-10    5.867922791711599e-11    1.1278527332633416e-19
0.7162162162162158    -3.3175957753591383e-10    5.845566343362686e-11    1.1348148187427347e-19
0.7252252252252251    -3.328561066261482e-10    5.822702802307255e-11    1.1418357451071742e-19
0.7342342342342345    -3.3395862654879595e-10    5.799317558246981e-11    1.1489157266049734e-19
0.743243243243243    -3.350671674480136e-10    5.7754119833312555e-11    1.1560554505935583e-19
0.7522522522522523    -3.3618173336231163e-10    5.750966177371222e-11    1.1632551904381517e-19
0.7612612612612608    -3.3730249205132674e-10    5.7259813591689756e-11    1.170516573965904e-19
0.7702702702702702    -3.384292233024313e-10    5.700436982038356e-11    1.1778383736370596e-19
0.7792792792792795    -3.3956212252566256e-10    5.6743378827590346e-11    1.185222460949045e-19
0.788288288288288    -3.4070124197514814e-10    5.6476704714404106e-11    1.1926695445880643e-19
0.7972972972972974    -3.418465280702767e-10    5.620431929124188e-11    1.2001797426069436e-19
0.8063063063063058    -3.42998036926565e-10    5.59259533392296e-11    1.2077536559237894e-19
0.8153153153153152    -3.4415580529635447e-10    5.564169159590323e-11    1.2153921616283586e-19
0.8243243243243246    -3.4531978828020884e-10    5.535137571653048e-11    1.223095309716008e-19
0.833333333333333    -3.464902340987521e-10    5.5054958751849176e-11    1.2308653080897586e-19
0.8423423423423424    -3.4766689004673576e-10    5.47522398674352e-11    1.238700742052702e-19
0.8513513513513509    -3.4884996542578935e-10    5.444327309758366e-11    1.246603683631525e-19
0.8603603603603602    -3.5003937396048473e-10    5.4127825738046e-11    1.2545738484177635e-19
0.8693693693693696    -3.512352328944071e-10    5.38059476531912e-11    1.2626126882924634e-19
0.8783783783783781    -3.524374796465444e-10    5.3477424213789073e-11    1.2707201196014995e-19
0.8873873873873874    -3.536462434902112e-10    5.314215517658411e-11    1.278897541915499e-19
0.8963963963963968    -3.548614173849229e-10    5.280010887024144e-11    1.2871447704514583e-19
0.9054054054054053    -3.5608318355227087e-10    5.245111652849501e-11    1.29546353233806e-19
0.9144144144144146    -3.5731140800058096e-10    5.209513433673734e-11    1.3038534530892033e-19
0.9234234234234231    -3.5854613834366707e-10    5.1732034827338413e-11    1.3123153674853301e-19
0.9324324324324325    -3.5978750764736736e-10    5.136168981445711e-11    1.3208507383970093e-19
0.9414414414414418    -3.610353691533862e-10    5.098403672212292e-11    1.3294590978020463e-19
0.9504504504504503    -3.622898758364634e-10    5.0598803054547946e-11    1.33814193004153e-19
0.9594594594594597    -3.6355091787410893e-10    5.0206119341204e-11    1.3468992430641031e-19
0.9684684684684681    -3.6481867796305823e-10    4.9805647690949906e-11    1.3557327033262861e-19
0.9774774774774775    -3.6609306681176804e-10    4.939741385058213e-11    1.3646423806277132e-19
0.9864864864864868    -3.673741326315618e-10    4.8981389384160935e-11    1.3736292983279513e-19
0.9954954954954953    -3.6866178388451974e-10    4.855696308203073e-11    1.3826928956066602e-19
1.0045045045045047    -3.6995621302232735e-10    4.8124474334110485e-11    1.3918356458375613e-19
1.0135135135135132    -3.712574996928748e-10    4.7683577734156877e-11    1.4010585466373433e-19
1.0225225225225225    -3.7256519431389497e-10    4.7234558952048394e-11    1.4103592757354485e-19
1.0315315315315319    -3.7387979378613755e-10    4.677679806430799e-11    1.419741690387138e-19
1.0405405405405403    -3.7520119886119876e-10    4.631026354263178e-11    1.4292058013626883e-19
1.0495495495495497    -3.765293701402596e-10    4.58349628592055e-11    1.4387521039852537e-19
1.0585585585585582    -3.7786426883488516e-10    4.5350796733741345e-11    1.448381004265075e-19
1.0675675675675675    -3.7920597509650947e-10    4.4857464189415847e-11    1.4580936364239929e-19
1.076576576576577    -3.8055458233471467e-10    4.435485725214546e-11    1.4678914349780733e-19
1.0855855855855854    -3.8190997803833176e-10    4.384307388195068e-11    1.4777744645265724e-19
1.0945945945945947    -3.8327197293441066e-10    4.332164499361003e-11    1.4877417016198801e-19
1.1036036036036032    -3.8464113382254373e-10    4.279070996094867e-11    1.4977984668725401e-19
1.1126126126126126    -3.8601696162541924e-10    4.224994897448137e-11    1.5079415285086667e-19
1.121621621621622    -3.873994743496352e-10    4.1699192454743796e-11    1.5181717537775143e-19
1.1306306306306304    -3.8878900765987823e-10    4.1138550687794194e-11    1.5284927282984508e-19
1.1396396396396398    -3.901852334633742e-10    4.056757925871378e-11    1.5389024489977984e-19
1.1486486486486482    -3.915882868839373e-10    3.9986326188636026e-11    1.5494029270676077e-19
1.1576576576576576    -3.9299808768651046e-10    3.9394430754511094e-11    1.5599941809972613e-19
1.166666666666667    -3.9441475170792427e-10    3.8791852187839824e-11    1.5706780416098677e-19
1.1756756756756754    -3.958382045681742e-10    3.817839110693283e-11    1.5814547374326966e-19
1.1846846846846848    -3.9726836412207865e-10    3.755405706280619e-11    1.5923246033410896e-19
1.1936936936936933    -3.987053290325824e-10    3.69184793460196e-11    1.6032891351620225e-19
1.2027027027027026    -4.001492479650576e-10    3.6271476771762685e-11    1.6143504067420568e-19
1.211711711711712    -4.015995094634114e-10    3.561303213149908e-11    1.6255045405885184e-19
1.2207207207207205    -4.030565188599743e-10    3.4942890724834956e-11    1.6367556300772859e-19
1.2297297297297298    -4.0452045824414185e-10    3.426094749829266e-11    1.6481061366153128e-19
1.2387387387387383    -4.0599106508199454e-10    3.356704730047635e-11    1.6595549159088475e-19
1.2477477477477477    -4.074682631116725e-10    3.286073513364203e-11    1.6711021335676655e-19
1.256756756756757    -4.089522288222529e-10    3.214211253174228e-11    1.6827504085669147e-19
1.2657657657657655    -4.104426490578832e-10    3.141093471520693e-11    1.6944981498533566e-19
1.2747747747747749    -4.1193980733886237e-10    3.0667139923403624e-11    1.7063487834146065e-19
1.2837837837837833    -4.134433654033706e-10    2.9910395715900675e-11    1.718300481679468e-19
1.2927927927927927    -4.1495359110713944e-10    2.914055140030437e-11    1.7303565450862486e-19
1.301801801801802    -4.164702687746281e-10    2.8357356348858756e-11    1.7425162443230714e-19
1.3108108108108105    -4.179933364871382e-10    2.756074945813507e-11    1.75478024258344e-19
1.3198198198198199    -4.195228790216966e-10    2.675046816796331e-11    1.767150335698583e-19
1.3288288288288284    -4.210585655566185e-10    2.592633588277096e-11    1.7796249052090345e-19
1.3378378378378377    -4.226004718313666e-10    2.5087863691055562e-11    1.7922055969667466e-19
1.346846846846847    -4.24148552708052e-10    2.423524593916583e-11    1.8048934191006702e-19
1.3558558558558556    -4.257028198880811e-10    2.3368089235893e-11    1.8176895845520069e-19
1.364864864864865    -4.272632826207017e-10    2.2485700729300587e-11    1.8305951941310526e-19
1.3738738738738734    -4.288297217648515e-10    2.1588009751572586e-11    1.8436097243395396e-19
1.3828828828828827    -4.304023985967978e-10    2.067469420582487e-11    1.856736676983812e-19
1.391891891891892    -4.3198193776992836e-10    1.9745522362550842e-11    1.8699828021283226e-19
1.4009009009009006    -4.3356806491191167e-10    1.880000930834919e-11    1.8833470726145366e-19
1.40990990990991    -4.3516189920570986e-10    1.7838166006465668e-11    1.8968407868679462e-19
1.4189189189189193    -4.367639166796289e-10    1.686038786818913e-11    1.9104699159239561e-19
1.4279279279279278    -4.38375172852608e-10    1.586706932773669e-11    1.9242455606260517e-19
1.4369369369369371    -4.3999650236560607e-10    1.4859855016252827e-11    1.9381773738507083e-19
1.4459459459459456    -4.416285767192567e-10    1.3840976754602566e-11    1.9522737241259786e-19
1.454954954954955    -4.432709758062859e-10    1.2813906129136385e-11    1.966533541825432e-19
1.4639639639639643    -4.4492244504616385e-10    1.1783964403063728e-11    1.9809484392290936e-19
1.4729729729729728    -4.4657828472133286e-10    1.0756856697320957e-11    1.9954787435065455e-19
1.4819819819819822    -4.4823106333172094e-10    9.738611926208234e-12    2.0100592669773451e-19
1.4909909909909906    -4.4986720131375266e-10    8.735765028645494e-12    2.0245681240850415e-19
1.5    -4.514666156352973e-10    7.750865661926702e-12    2.0388218095169852e-19
1.5090090090090094    -4.530016847816082e-10    6.780404136915335e-12    2.0525650029523541e-19
1.5180180180180178    -4.544363627504581e-10    5.808625484738227e-12    2.065461479198879e-19
1.5270270270270272    -4.557289236135668e-10    4.801547069895657e-12    2.0771190667224464e-19
1.5360360360360357    -4.5683677898923955e-10    3.697611213546922e-12    2.0871351496594985e-19
1.545045045045045    -4.577265852156968e-10    2.399927985526176e-12    2.095193864675583e-19
1.5540540540540544    -4.5839190532917773e-10    7.679273213116714e-13    2.1012372858368464e-19
1.5630630630630629    -4.58876224315819e-10    -1.3868967976184956e-12    2.105693127250691e-19
1.5720720720720722    -4.593087541118242e-10    -4.295556672911065e-12    2.1098298341088638e-19
1.5810810810810807    -4.599462388585023e-10    -8.212851138016733e-12    2.1161799356389765e-19
1.59009009009009    -4.612208973825551e-10    -1.337582926513046e-11    2.1290362899089932e-19
1.5990990990990994    -4.6378792007528837e-10    -1.99324113566182e-11    2.1549653583025152e-19
1.608108108108108    -4.685574004003127e-10    -2.7829305331776106e-11    2.203205077051482e-19
1.6171171171171173    -4.766962111408002e-10    -3.6656002238633055e-11    2.285829402161131e-19
1.6261261261261257    -4.895676571721798e-10    -4.5442591616959946e-11    2.4174152008192276e-19
1.635135135135135    -5.085788255295141e-10    -5.2420902911180095e-11    2.614003728390034e-19
1.6441441441441444    -5.348930206297028e-10    -5.477661521815176e-11    2.8911102109312515e-19
1.653153153153153    -5.689666980252921e-10    -4.843973660568642e-11    3.2606951154423224e-19
1.6621621621621623    -6.098775867627921e-10    -2.7991791632116734e-11    3.727342112343828e-19
1.6711711711711708    -6.544299046163689e-10    1.3200491942180776e-11    4.284527530437053e-19
1.6801801801801801    -6.960638989020424e-10    8.247424916081968e-11    4.913069531293537e-19
1.6891891891891895    -7.236635677542438e-10    1.868124829240799e-10    5.585878630710605e-19
1.698198198198198    -7.204306117185121e-10    3.310481102638218e-10    6.28613117610357e-19
1.7072072072072073    -6.631449442269674e-10    5.151696087973403e-10    7.051609428821924e-19
1.7162162162162158    -5.222285328037348e-10    7.306307075195113e-10    8.065438712448032e-19
1.7252252252252251    -2.6321103814025815e-10    9.557176671357827e-10    9.826763098743353e-19
1.7342342342342345    1.4969060767895426e-10    1.150262034345521e-09    1.3455100256839912e-18
1.743243243243243    7.471038632012721e-10    1.2503267081631795e-09    2.1214810595564375e-18
1.7522522522522523    1.5444003307194401e-09    1.1639490341698922e-09    3.739949735671341e-18
1.7612612612612608    2.5274705973731167e-09    7.695691376536578e-10    6.980344278214613e-18
1.7702702702702702    3.634364757205222e-09    -8.065297895617354e-11    1.3215112091429879e-17
1.7792792792792795    4.733628067575641e-09    -1.5498930093855236e-09    2.480940302268201e-17
1.788288288288288    5.60139667212989e-09    -3.795024205137013e-09    4.577785339612362e-17
1.7972972972972974    5.9009507197826325e-09    -6.931278505199077e-09    8.286384111393792e-17
1.8063063063063058    5.170416137324493e-09    -1.0980908501295841e-08    1.473135545469368e-16
1.8153153153153152    2.8264727005279564e-09    -1.58051611169928e-08    2.5779206586093086e-16
1.8243243243243246    -1.8060413234169156e-09    -2.102168324765938e-08    4.451729518268126e-16
1.833333333333333    -9.427326622049155e-09    -2.591366439904589e-08    7.60392489825175e-16
1.8423423423423424    -2.064718411509511e-08    -2.934265824607877e-08    1.2872978048288103e-15
1.8513513513513509    -3.581148371611852e-08    -2.968391601342308e-08    2.1635972358417773e-15
1.8603603603603602    -5.476608582253913e-08    -2.4810677508216108e-08    3.614893874738422e-15
1.8693693693693696    -7.656269255723609e-08    -1.2161167717509995e-08    6.009739891867261e-15
1.878378378378378    -9.91246464454499e-08    1.1072493523775761e-08    9.948295645769499e-15
1.8873873873873874    -1.1890906409071023e-07    4.7592800764402955e-08    1.6404440207528788e-14
1.896396396396396    -1.3062432489318222e-07    9.94472812384282e-08    2.6952475999514655e-14
1.9054054054054053    -1.2708716496691274e-07    1.672600150723165e-07    4.4127060141318836e-14
1.9144144144144146    -9.932829580659095e-08    2.4925053063161405e-07    7.19919373679828e-14
1.923423423423423    -3.7074812250144095e-08    3.4008797118990957e-07    1.1703436985145218e-13
1.9324324324324325    7.025488799292227e-08    4.2968531426222883e-07    1.895652185795284e-13
1.9414414414414418    2.3192034602818985e-07    5.021089301759601e-07    3.0590042466428254e-13
1.9504504504504503    4.5351019828439133e-07    5.348578819015207e-07    4.91744453780129e-13
1.9594594594594597    7.338712327813787e-07    4.988458342335114e-07    7.874141526361884e-13
1.9684684684684681    1.061433132086535e-06    3.594821080168691e-07    1.2558676798752836e-12
1.9774774774774775    1.4102142316754973e-06    7.927824962193973e-08    1.9949892200832313e-12
1.9864864864864868    1.736002130526805e-06    -3.7762065173432303e-07    3.1563007538098612e-12
1.9954954954954953    1.9734381564180624e-06    -1.0386900228780633e-06    4.973335120833152e-12
2.0045045045045047    2.034970139289949e-06    -1.913990936603573e-06    7.804464773202378e-12
2.013513513513513    1.8128339036357237e-06    -2.985111753564381e-06    1.2197258943439351e-11
2.0225225225225225    1.1853272901444574e-06    -4.1928214050667135e-06    1.8984752119546813e-11
2.031531531531532    2.858759989683118e-08    -5.424755666811687e-06    2.942879129547337e-11
2.0405405405405403    -1.7651945992813069e-06    -6.505120874882305e-06    4.543250957016142e-11
2.0495495495495497    -4.262759796565255e-06    -7.189067710353872e-06    6.985381562726572e-11
2.058558558558558    -7.458500599454105e-06    -7.164953776172197e-06    1.0696579380674147e-10
2.0675675675675675    -1.1238712836076775e-05    -6.068036588530343e-06    1.6312973425153983e-10
2.076576576576577    -1.5344738106525973e-05    -3.509050898143162e-06    2.4777442576362965e-10
2.0855855855855854    -1.9340135074088885e-05    8.795519417815198e-07    3.7481443630229473e-10
2.0945945945945947    -2.258881268280713e-05    7.378353486068209e-06    5.646945585843231e-10
2.103603603603603    -2.425259840965958e-05    1.609765526414973e-05    8.473230346236299e-10
2.1126126126126126    -2.3317640231766898e-05    2.688024850829015e-05    1.266260105845549e-09
2.121621621621622    -1.8658933375399526e-05    3.919840608412986e-05    1.884670834243947e-09
2.1306306306306304    -9.150684218848602e-06    5.2057757617525566e-05    2.793745149838126e-09
2.1396396396396398    6.173221129792456e-06    6.392528643096218e-05    4.124550904397874e-09
2.1486486486486482    2.7909958127482444e-05    7.270264064059096e-05    6.064639718792731e-09
2.1576576576576576    5.603880129048083e-05    7.576841169940529e-05    8.881199461524572e-09
2.166666666666667    8.965124117479505e-05    7.011300311980145e-05    1.2953178250658555e-08
2.1756756756756754    0.0001266899172228003    5.258616528395167e-05    1.8815639905191072e-08
2.184684684684685    0.0001637371801917076    2.026930738076221e-05    2.7220708998827544e-08
2.1936936936936933    0.00019590369656007683    -2.9028275618553165e-05    3.922089911128935e-08
2.2027027027027026    0.00021687361601353616    -9.616817009803514e-05    5.6282482262791345e-08
2.211711711711712    0.00021916317257975114    -0.00018001796375300127    8.043896348899865e-08
2.2207207207207205    0.00019464190053765986    -0.0002767893415253731    1.144978090269619e-07
2.22972972972973    0.00013534796966313718    -0.0003794712526824445    1.6231750450431713e-07
2.2387387387387383    3.460028069028959e-05    -0.00047747231085082766    2.2917698705307624e-07
2.2477477477477477    -0.00011163008627340091    -0.0005566008059012156    3.222657332912896e-07
2.256756756756757    -0.00030317607117281227    -0.0005995121612217799    4.5133056158459157e-07
2.2657657657657655    -0.0005341010052409336    -0.0005867375434743066    6.295248287216396e-07
2.274774774774775    -0.0007912933783452661    -0.0004983696448089321    8.745175134800456e-07
2.2837837837837833    -0.0010534763196441354    -0.0003164201452495658    1.2099340643707088e-06
2.2927927927927927    -0.0012909092221127048    -2.7778393342307206e-05    1.6672182588723085e-06
2.301801801801802    -0.0014660629447804097    0.0003724037503963984    2.28802511136751e-06
2.3108108108108105    -0.0015355172459691037    0.0008771922856469717    3.127279518667099e-06
2.31981981981982    -0.001453251863486316    0.0014646239436049042    4.257064274907232e-06
2.3288288288288284    -0.0011753770367460693    0.002095238299605774    5.771534710644865e-06
2.3378378378378377    -0.0006661768316195075    0.002710960024939129    7.793095827804569e-06
2.346846846846847    9.487205349149759e-05    0.00323591113891738    1.048012160550327e-05
2.3558558558558556    0.0011056757466921525    0.0035796684628147035    1.4036545160493431e-05
2.364864864864865    0.002334492306442173    0.0036433292618581596    1.872370243914962e-05
2.3738738738738734    0.0037142891653142544    0.0033285021494585724    2.4874870562521197e-05
2.3828828828828827    0.005139608425279978    0.002549005521415951    3.2913003913417945e-05
2.391891891891892    0.006467076671451846    0.001244650335574503    4.337223513228241e-05
2.4009009009009006    0.007520572176939557    -0.0006039590378918799    5.692377238800868e-05
2.40990990990991    0.008101773879003814    -0.0029611055314645754    7.440688595497862e-05
2.4189189189189193    0.008006354992736891    -0.005723985725142256    9.686573285135527e-05
2.4279279279279278    0.0070454620177786325    -0.008715175202170142    0.00012559281384848275
2.436936936936937    0.005071374211307554    -0.011681654465937729    0.0001621798874526782
2.4459459459459456    0.0020054324250420087    -0.014302287065502463    0.00020857717451544893
2.454954954954955    -0.002134453101469936    -0.016205115799759216    0.00026716166812598046
2.4639639639639643    -0.007210052737474168    -0.016995012454413507    0.00034081530880282897
2.472972972972973    -0.012946560028649242    -0.016291110151759453    0.00043301368655217817
2.481981981981982    -0.018927599841464728    -0.013772136537220836    0.0005479257805584687
2.4909909909909906    -0.024604861509798674    -0.009226365786493284    0.0006905250355425461
2.5    -0.029324795276611793    -0.0026015716320687875    0.0008667117929719784
2.5090090090090094    -0.032373377854948045    0.005950726368199594    0.0010834467380484263
2.518018018018018    -0.03303806961896494    0.01604308386205772    0.001348894583952591
2.527027027027027    -0.03068388299630475    0.027038417370414815    0.0016725766896276695
2.5360360360360357    -0.024838159459129396    0.03806043261050118    0.0020655306958156407
2.545045045045045    -0.015276469595999804    0.048032322928987924    0.0025404745692720857
2.5540540540540544    -0.0021003026111038755    0.05574549671218023    0.0031119716747459066
2.563063063063063    0.014203799499236506    0.05995702411869319    0.0037965926613840683
2.5720720720720722    0.03273401017841355    0.0595109540438097    0.004613069073564911
2.5810810810810807    0.05218102906645658    0.05347497458236365    0.005582432701018825
2.59009009009009    0.07088056897712952    0.041280488645377644    0.006728133801322768
2.5990990990990994    0.086913399458694    0.02285150962971123    0.008076130497823296
2.608108108108108    0.09825104209600002    -0.001293695995905889    0.009654940922279791
2.6171171171171173    0.10293977558262161    -0.029984190613616513    0.01149564908375419
2.6261261261261257    0.09931004605552438    -0.06139519370154732    0.013631855057200888
2.635135135135135    0.08619332301507486    -0.09311429009716103    0.016099559952679296
2.6441441441441444    0.06312457169800403    -0.12227945351807724    0.018936976304736064
2.653153153153153    0.03050647646214762    -0.14578617889918236    0.02218425506415997
2.6621621621621623    -0.010288121778584559    -0.16055303135723026    0.025883121327726747
2.6711711711711708    -0.05689608545268432    -0.16382688364049808    0.030076412343196454
2.68018018018018    -0.10604086447944161    -0.1535019487227554    0.03480751320123073
2.6891891891891895    -0.15371284474059585    -0.12842137416702698    0.04011968798119407
2.698198198198198    -0.19544940138003275    -0.08862752643962275    0.04605530694261918
2.7072072072072073    -0.22669968322892053    -0.03552783751540182    0.05265497361461371
2.716216216216216    -0.24324806582346972    0.028052410710290545    0.05995655927351789
2.725225225225225    -0.24166052354321094    0.09795074063988025    0.06799415623107989
2.7342342342342345    -0.21971116336860722    0.16889040873675126    0.07679696547205371
2.743243243243243    -0.1767429580139897    0.23484051000825049    0.08638813834847013
2.7522522522522523    -0.1139181334414407    0.28949310004987255    0.09678359610326741
2.761261261261261    -0.034320084479802525    0.3268225613213232    0.10799085478733084
2.77027027027027    0.05712004234535458    0.34167994853551237    0.12000788646876548
2.7792792792792795    0.15388357702252584    0.33036630434675823    0.13282205032498254
2.788288288288288    0.24830462231214293    0.29112530569034795    0.14640912907487447
2.7972972972972974    0.33216434846176995    0.22449800153255337    0.16073250708114245
2.806306306306306    0.3973948135852581    0.13349115446854556    0.1757425261858071
2.815315315315315    0.4368324713325426    0.023525429031205355    0.19137605382159895
2.8243243243243246    0.44495115966029447    -0.09785070573210247    0.20755629509531137
2.833333333333333    0.41850055834670014    -0.22147270487884677    0.22419287634285254
2.8423423423423424    0.35697981089481073    -0.33726493555305337    0.24118222214010007
2.851351351351351    0.2628874104281728    -0.43508441760932137    0.25840824100807297
2.8603603603603602    0.1417068804450862    -0.5056307815580241    0.2757433272244562
2.8693693693693696    0.0016117364101656717    -0.5413382304606446    0.2930496774525178
2.878378378378378    -0.14709952928586958    -0.5371616517094923    0.3101809115833943
2.8873873873873874    -0.29279987116022554    -0.49117432039133335    0.32698397756333286
2.896396396396396    -0.42349752228396687    -0.4049088280134411    0.34330131038387746
2.9054054054054053    -0.527883055317683    -0.2833949295947479    0.35897320621154405
2.9144144144144146    -0.5963630067268304    -0.13487597413604954    0.37384036419141387
2.923423423423423    -0.621980305167338    0.029783235525181043    0.3877465411344034
2.9324324324324325    -0.6011287957883842    0.19795309872485842    0.40054125842076643
2.941441441441442    -0.5339860117754339    0.3562884162283013    0.41208249631030514
2.9504504504504503    -0.4246135893847022    0.4918766190635111    0.4222393086715108
2.9594594594594597    -0.2807059619010955    0.5933788452902948    0.4308942910848629
2.968468468468468    -0.11300208030144859    0.6520554940063412    0.43794583741630877
2.9774774774774775    0.06559162755503334    0.6625766843761542    0.4433101242842161
2.986486486486487    0.24108956859402456    0.6235371594147963    0.4469227692559259
2.9954954954954953    0.39962713938665717    0.537622791914473    0.4487401169202755
3.0045045045045047    0.5286611171279999    0.4114092125332781    0.4487401169202768
3.013513513513513    0.6180576521110323    0.2548087673588253    0.4469227692559257
3.0225225225225225    0.660965556365448    0.08021631743435821    0.44331012428421585
3.031531531531532    0.6543932520185878    -0.09856626770272002    0.4379458374163072
3.0405405405405403    0.5994366186221581    -0.26752575827328556    0.4308942910848631
3.0495495495495497    0.501139047244768    -0.4136411053052127    0.4222393086715118
3.058558558558558    0.3680007104157201    -0.5259828642112121    0.412082496310305
3.0675675675675675    0.2111876806146958    -0.5966079298646224    0.400541258420765
3.076576576576577    0.04351962564957336    -0.6211703335782582    0.3877465411344036
3.0855855855855854    -0.12166543649333791    -0.5991977017264833    0.37384036419141414
3.0945945945945947    -0.2716613049637013    -0.5340162372034807    0.35897320621154527
3.103603603603603    -0.395452101918582    -0.43234123730226565    0.34330131038387857
3.1126126126126126    -0.4845845079428383    -0.3035816730718932    0.3269839775633326
3.121621621621622    -0.5337800959728093    -0.1589330699591916    0.3101809115833948
3.1306306306306304    -0.5412416711906166    -0.010350401891040684    0.29304967745251764
3.1396396396396398    -0.5086385696827829    0.1304995504034777    0.27574332722445694
3.1486486486486482    -0.4407871103763076    0.25320932908204374    0.25840824100807386
3.1576576576576576    -0.34507063588456827    0.34944023579192957    0.24118222214009963
3.166666666666667    -0.2306660775870343    0.4135045791686765    0.224192876342852
3.1756756756756754    -0.10765873086674055    0.4426803505504552    0.20755629509531118
3.184684684684685    0.013867164252525875    0.43724564672183197    0.1913760538215996
3.1936936936936933    0.12467747935594792    0.40024748884565875    0.17574252618580855
3.2027027027027026    0.21710347893239568    0.33704389405030377    0.16073250708114156
3.211711711711712    0.2855675318025642    0.25467688127324417    0.14640912907487463
3.2207207207207205    0.3268853352625224    0.16114598324280405    0.13282205032498173
3.22972972972973    0.3403343640966149    0.06465606764811858    0.12000788646876531
3.2387387387387383    0.3275011221328087    -0.027090031175373515    0.10799085478733159
3.2477477477477477    0.2919396230095417    -0.10749350036311059    0.09678359610326738
3.256756756756757    0.23868859317953628    -0.17151062309502532    0.08638813834847
3.2657657657657655    0.1737040463660921    -0.21592561160756363    0.07679696547205389
3.274774774774775    0.1032667055607847    -0.23943713946190975    0.06799415623107982
3.2837837837837833    0.03342052133170236    -0.24256881091235946    0.05995655927351877
3.2927927927927927    -0.030509866444174562    -0.22742937731122645    0.05265497361461357
3.301801801801802    -0.08428711612346548    -0.19736004914421945    0.04605530694261927
3.3108108108108105    -0.1249934845831396    -0.15651299240944314    0.04011968798119396
3.31981981981982    -0.15112132506139692    -0.10940684765095084    0.03480751320123076
3.3288288288288284    -0.1625296725136982    -0.060502213974258215    0.030076412343196912
3.3378378378378377    -0.16028649800318953    -0.013833289037693184    0.025883121327726844
3.346846846846847    -0.1464246737272496    0.02727764630660982    0.02218425506416
3.3558558558558556    -0.12364443738255983    0.06040719666634402    0.018936976304736123
3.364864864864865    -0.0949961363459149    0.08411476702712538    0.016099559952679234
3.3738738738738734    -0.06357461972322469    0.0979291722840972    0.01363185505720102
3.3828828828828827    -0.03225149070035399    0.10225209255247104    0.011495649083754124
3.391891891891892    -0.0034643959978926755    0.09819846680396624    0.009654940922279875
3.4009009009009006    0.02092543790480644    0.08739711978272156    0.00807613049782329
3.40990990990991    0.03970418865024555    0.0717754220116365    0.006728133801322801
3.4189189189189184    0.052308893794431675    0.05334990469552727    0.0055824327010189755
3.4279279279279278    0.058773112883011056    0.034041008733669734    0.004613069073564939
3.436936936936937    0.059628529055913    0.015525179033179778    0.0037965926613841463
3.4459459459459456    0.05577829547336001    -0.0008680027836604568    0.003111971674745896
3.454954954954955    0.04835815368485873    -0.014211387738840545    0.0025404745692720835
3.4639639639639643    0.03859997912466468    -0.02399108808268436    0.002065530695815669
3.472972972972973    0.027709825748318012    -0.0300789336018671    0.0016725766896276777
3.481981981981982    0.016769196427188833    -0.03267550512446524    0.0013488945839525968
3.4909909909909906    0.006664615643486979    -0.03223398263282131    0.001083446738048437
3.5    -0.0019529575954292974    -0.029375121269578624    0.0008667117929719955
3.5090090090090094    -0.008680428818924155    -0.02480272547649041    0.0006905250355425554
3.5180180180180187    -0.013350537963447023    -0.01922729613453299    0.0005479257805584675
3.5270270270270263    -0.016001057304772855    -0.013303377453924074    0.0004330136865522001
3.5360360360360357    -0.016831545160174023    -0.007583824650126788    0.00034081530880284826
3.545045045045045    -0.016153994959532538    -0.0024920102273839144    0.0002671616681259887
3.5540540540540544    -0.014343108294464129    0.0016889105863622503    0.00020857717451545218
3.5630630630630638    -0.011790862497195657    0.004812010912800416    0.0001621798874526853
3.5720720720720713    -0.008868728195981114    0.0068511658886864    0.00012559281384849053
3.5810810810810807    -0.005899501534306329    0.007877919426985546    9.686573285135901e-05
3.59009009009009    -0.0031394043605316767    0.008034365327520122    7.440688595498283e-05
3.5990990990990994    -0.0007699907953450125    0.00750539050037347    5.692377238801237e-05
3.608108108108109    0.0011014459105705627    0.006493000233972978    4.337223513228576e-05
3.6171171171171164    0.002434815185360927    0.005194677942525014    3.291300391342007e-05
3.6261261261261257    0.003245616228468063    0.0037869309288696123    2.4874870562524517e-05
3.635135135135135    0.0035908553185212805    0.0024144275761761686    1.8723702439152496e-05
3.6441441441441444    0.003554362754588977    0.0011845043559592266    1.4036545160495721e-05
3.653153153153154    0.003233024706887924    0.00016635158597745687    1.0480121605504962e-05
3.6621621621621614    0.0027250183724922927    -0.00060611112626759    7.79309582780591e-06
3.6711711711711708    0.0021206985849055444    -0.0011287923735682037    5.771534710646118e-06
3.68018018018018    0.0014963782940227656    -0.0014205337997003165    4.257064274913501e-06
3.6891891891891895    0.0009109078502720981    -0.001515759349956668    3.1272795186683964e-06
3.698198198198199    0.00040470785898936876    -0.0014574761268166092    2.2880251113681037e-06
3.7072072072072064    7.531186361096569e-07    -0.0012912078421716657    1.6672182588732891e-06
3.716216216216216    -0.00029306462292118436    -0.0010602109182431976    1.2099340643700204e-06
3.725225225225225    -0.0004807630543082917    -0.000802112460377394    8.745175134805139e-07
3.7342342342342345    -0.0005747924590086179    -0.0005469355152007458    6.295248287210789e-07
3.743243243243244    -0.0005926666180544635    -0.0003163492396528758    4.513305615850679e-07
3.7522522522522515    -0.000553998258677311    -0.00012390182675896372    3.2226573329170107e-07
3.761261261261261    -0.0004781202803940575    2.4041308813547985e-05    2.2917698705356053e-07
3.77027027027027    -0.0003823693335000362    0.00012692989129194248    1.6231750450464625e-07
3.7792792792792795    -0.00028102268858453446    0.00018847826805194962    1.144978090271428e-07
3.788288288288289    -0.00018481677573281113    0.00021513187326925693    8.043896348861182e-08
3.7972972972972965    -0.0001009368633930788    0.00021469567268877671    5.62824822629194e-08
3.806306306306306    -3.334999747007411e-05    0.00019521443793966937    3.922089911135497e-08
3.815315315315315    1.664632029196679e-05    0.00016414508527411568    2.7220708998909454e-08
3.8243243243243246    4.977390697337449e-05    0.0001278209610739926    1.881563990527327e-08
3.833333333333334    6.811489497807374e-05    9.117861225563343e-05    1.2953178250737162e-08
3.8423423423423415    7.45116440196738e-05    5.769934459827506e-05    8.881199461585085e-09
3.851351351351351    7.206817383792138e-05    2.950962620046963e-05    6.064639718824299e-09
3.8603603603603602    6.377327111008601e-05    7.5842465920929515e-06    4.124550904450205e-09
3.8693693693693696    5.224724637592194e-05    -7.998149536213585e-06    2.7937451498699216e-09
3.878378378378379    3.9601134744736496e-05    -1.7788225352666374e-05    1.884670834268019e-09
3.8873873873873865    2.7388926443107823e-05    -2.2717984377173324e-05    1.2662601058674621e-09
3.896396396396396    1.6629625292863213e-05    -2.3890973133232152e-05    8.473230346338565e-10
3.9054054054054053    7.875688380489846e-06    -2.2420260728273768e-05    5.646945585903578e-10
3.9144144144144146    1.3066887919658795e-06    -1.931597786067656e-05    3.748144363131963e-10
3.923423423423424    -3.169127291810676e-06    -1.5418529695641384e-05    2.4777442576707444e-10
3.9324324324324316    -5.818217457208976e-06    -1.1370051885443185e-05    1.631297342570414e-10
3.941441441441441    -6.998396732329663e-06    -7.615000787273261e-06    1.0696579381325489e-10
3.9504504504504503    -7.093119846513211e-06    -4.420573093127491e-06    6.985381562868235e-11
3.9594594594594597    -6.464527751085182e-06    -1.9085047889291054e-06    4.543250957391577e-11
3.968468468468469    -5.424062847407759e-06    -9.128814084983532e-08    2.9428791297288986e-11
3.9774774774774766    -4.217989411554353e-06    1.0923907020643254e-06    1.898475212194123e-11
3.986486486486486    -3.0244404093739106e-06    1.7464304038346857e-06    1.2197258945292011e-11
3.9954954954954953    -1.958489577193747e-06    1.9921805514713662e-06    7.804464773637299e-12
4.004504504504505    -1.082042728171912e-06    1.950004783756648e-06    4.973335122263525e-12
4.013513513513514    -4.158882303716059e-07    1.7272341284079358e-06    3.1563007544987476e-12
4.022522522522522    4.8097925685142244e-08    1.411621695097112e-06    1.9949892205240568e-12
4.031531531531531    3.359402525661016e-07    1.069117312006623e-06    1.2558676801264428e-12
4.04054054054054    4.825079625192263e-07    7.447148574031636e-07    7.874141527314695e-13
4.04954954954955    5.247062483711321e-07    4.6521802057111096e-07    4.917444537438108e-13
4.058558558558559    4.968616794240986e-07    2.4295863053195025e-07    3.059004246300964e-13
4.067567567567567    4.2802800688383824e-07    7.973232783627148e-08    1.8956521877914177e-13
4.076576576576576    3.408241633972539e-07    -2.9550965214753266e-08    1.1703436990056159e-13
4.085585585585585    2.513844932793494e-07    -9.379644917800826e-08    7.199193733971797e-14
4.094594594594595    1.7002737388451518e-07    -1.2336025413148305e-07    4.4127060169448796e-14
4.103603603603604    1.023093565848735e-07    -1.2839498317914132e-07    2.6952476150382783e-14
4.112612612612612    5.020866902393339e-08    -1.1782839104564743e-07    1.6404440181560894e-14
4.121621621621621    1.3260109909518617e-08    -9.885577931756798e-08    9.948295619296215e-15
4.13063063063063    -1.046642161307154e-08    -7.681271970290929e-08    6.00973988954028e-15
4.13963963963964    -2.3594474006484307e-08    -5.530094617828969e-08    3.614893851856757e-15
4.148648648648649    -2.8885355450290382e-08    -3.645865421012394e-08    2.163597226303008e-15
4.157657657657657    -2.8879260935495953e-08    -2.129051682194927e-08    1.2872978187261674e-15
4.166666666666666    -2.569902505799043e-08    -9.997629529723869e-09    7.603924851448266e-16
4.175675675675675    -2.0976642994120303e-08    -2.270108747617129e-09    4.451729450287842e-16
4.184684684684685    -1.5863757373636352e-08    2.4765416350942636e-09    2.577920564799571e-16
4.193693693693694    -1.1092476180523861e-08    4.926512351555343e-09    1.4731355176551658e-16
4.202702702702702    -7.059976978466997e-09    5.746351781979515e-09    8.286383373874314e-17
4.211711711711711    -3.9178704560760725e-09    5.516171168471739e-09    4.57778532704726e-17
4.2207207207207205    -1.6541118665058864e-09    4.698224457476869e-09    2.4809399119749405e-17
4.22972972972973    -1.609406434138973e-10    3.631694939431664e-09    1.3215110023796037e-17
4.238738738738739    7.135325028028183e-10    2.543858145394619e-09    6.980342896446605e-18
4.2477477477477485    1.1295387236604902e-09    1.569742225262689e-09    3.739948382021228e-18
4.256756756756756    1.2335124123099163e-09    7.745491362297172e-10    2.12147923575683e-18
4.2657657657657655    1.1466730917053396e-09    1.7507088166557788e-10    1.345508992848245e-18
4.274774774774775    9.613001505885998e-10    -2.42028378259793e-10    9.826757154047302e-19
4.283783783783784    7.419915163576836e-10    -5.059559380303618e-10    8.065428215749579e-19
4.292792792792794    5.296972116333492e-10    -6.51599379127242e-10    7.051608868911523e-19
4.301801801801801    3.468863652383237e-10    -7.129398409046868e-10    6.286133671374559e-19
4.3108108108108105    2.027575537623188e-10    -7.193588440199741e-10    5.58587772077433e-19
4.31981981981982    9.783464784107094e-11    -6.940724127556651e-10    4.913081324666567e-19
4.328828828828829    2.7658016454025063e-11    -6.539780589529255e-10    4.284522674660072e-19
4.337837837837839    -1.4508521536805913e-11    -6.103468618513859e-10    3.7273378896901866e-19
4.346846846846846    -3.5855750412805146e-11    -5.698977814490147e-10    3.2606911613817425e-19
4.3558558558558556    -4.2943651567628336e-11    -5.359724913414007e-10    2.8911066868466973e-19
4.364864864864865    -4.11702060037582e-11    -5.096126354281532e-10    2.614000240504197e-19
4.373873873873874    -3.461314098888146e-11    -4.904529529349925e-10    2.4174216857177017e-19
4.382882882882884    -2.611355454379966e-11    -4.773901760777359e-10    2.2858329794644367e-19
4.391891891891891    -1.7468717035553064e-11    -4.690578837791025e-10    2.203204544101983e-19
4.400900900900901    -9.67946737148121e-12    -4.6411519838313153e-10    2.154966094588091e-19
4.40990990990991    -3.180812005555122e-12    -4.6140427648415335e-10    2.1290402392287971e-19
4.418918918918919    1.9525235616615885e-12    -4.6001556212708833e-10    2.116181297473599e-19
4.427927927927929    5.855166019675567e-12    -4.592911644332545e-10    2.109826566955728e-19
4.436936936936936    8.75318216611443e-12    -4.587949943035397e-10    2.1056946499601822e-19
4.445945945945946    1.089664832917876e-11    -4.5826335013143544e-10    2.1012403501849638e-19
4.454954954954955    1.2513633808202731e-11    -4.575619989669338e-10    2.0951957392970214e-19
4.463963963963964    1.3790988233351858e-11    -4.566435447159071e-10    2.087135182871611e-19
4.472972972972974    1.4870712449010574e-11    -4.555120473069231e-10    2.077123633304857e-19
4.481981981981981    1.5848853272970374e-11    -4.5419732728431186e-10    2.0654639826228044e-19
4.490990990990991    1.678858755269073e-11    -4.527407948633121e-10    2.0525608400547798e-19
4.5    1.7724974075291482e-11    -4.511851664617488e-10    2.0388222914108574e-19
